,rem-float/2addr,rem-double,long-to-int,rem-int/2addr,array-length,div-int/lit8,sub-float/2addr,move,if-eqz,and-int/lit8,and-int,int-to-long,move-wide/from16,invoke-interface/range,mul-int/lit8,xor-long,sparse-switch,return-wide,xor-int/lit8,const,sput-object,if-le,add-long/2addr,float-to-double,iget-byte,iget-boolean,mul-float,iput-byte,if-lt,invoke-direct/range,sub-long/2addr,neg-float,return,rem-int/lit8,const/high16,iput,const-string,iput-object,float-to-int,if-nez,aput,ushr-int/lit8,aget-boolean,div-long/2addr,sput,nop,or-int,new-array,sget-object,sput-byte,if-gt,fill-array-data-payload,const-wide/32,mul-long/2addr,rsub-int,and-long/2addr,return-object,if-ge,aput-byte,if-gez,long-to-double,invoke-super/range,aput-wide,or-int/lit16,const/4,instance-of,shl-long,double-to-long,iput-char,and-int/lit16,aput-object,iput-wide,move-wide,int-to-float,div-int,add-int/lit8,invoke-super,double-to-int,sub-double/2addr,iget-char,and-long,const/16,cmpl-float,goto,mul-double,or-long/2addr,mul-int/2addr,add-double/2addr,and-int/2addr,int-to-double,iput-boolean,add-long,if-eq,shr-long,cmp-long,throw,div-double,div-double/2addr,goto/16,rem-float,sget-wide,sput-boolean,invoke-static/range,move-object,sput-wide,sparse-switch-payload,return-void,ushr-long,invoke-static,long-to-float,double-to-float,aget-byte,div-int/lit16,add-float,iget,shl-int/2addr,sub-float,add-int/lit16,mul-float/2addr,add-float/2addr,shl-long/2addr,aget-wide,packed-switch-payload,rem-int,move/from16,move-result-object,or-long,move-result-wide,invoke-interface,aget,add-int/2addr,iget-short,int-to-short,if-lez,invoke-direct,aget-char,sub-int/2addr,sub-long,iget-wide,mul-long,rem-long,if-ltz,iput-short,or-int/lit8,sget,if-gtz,const-wide/high16,move-result,div-int/2addr,const-class,aget-object,check-cast,aput-boolean,aput-char,sget-byte,const-wide/16,shr-int/2addr,div-long,cmpl-double,move-object/from16,if-ne,shr-int/lit8,xor-long/2addr,move-exception,sub-int,add-double,mul-int/lit16,sget-boolean,monitor-enter,neg-long,neg-double,invoke-virtual,xor-int/2addr,invoke-virtual/range,div-float/2addr,mul-double/2addr,rem-double/2addr,int-to-byte,sub-double,new-instance,packed-switch,mul-int,shl-int,rsub-int/lit8,or-int/2addr,cmpg-float,rem-int/lit16,ushr-long/2addr,monitor-exit,div-float,shl-int/lit8,iget-object,int-to-char,cmpg-double,fill-array-data,const-wide,add-int,neg-int,xor-int,float-to-long,class
0,17,3,71,10,1005,255,454,5405,16462,356,46,209,374,89,212,4,201,322,92,790,1247,427,72,833,2,2893,1405,2,1751,525,35,167,8762,18,2066,9495,9683,8500,691,7021,1576,30,48,4,125,1635,23,1832,4336,1,265,153,13,2,6,24,8694,2275,67,489,14,48,175,13,24884,1246,6,5,33,147,1768,323,164,1908,24,4138,1936,59,150,26,6,4989,847,14838,541,13,11,197,193,70,3002,25,2083,2,203,4147,67,93,1687,6,22,135,512,9796,13,201,16452,6,14093,24,400,37,8,377,14734,10,571,3,194,868,15,374,457,13,4764,25950,7,1209,5999,1561,1595,6,12,1081,20094,47,1029,39,465,7,1,567,7,47,4630,260,226,26157,15,688,1516,5457,42,15,1,416,1,4,118,5283,3613,92,11,1512,870,67,6,239,300,6,32,56958,51,1933,532,19,10,70,141,11328,457,85,12,5,296,312,6,2,590,433,150,36138,16,99,153,254,566,249,9,6,1
