,android.permission.WRITE_EXTERNAL_STORAGE,com.google.android.gms.permission.AD_ID,android.permission.ACCESS_NETWORK_STATE,android.permission.SET_WALLPAPER,android.permission.RECEIVE_BOOT_COMPLETED,android.permission.ACCESS_MEDIA_LOCATION,android.permission.READ_MEDIA_IMAGES,android.permission.READ_MEDIA_VIDEO,android.permission.POST_NOTIFICATIONS,android.permission.MANAGE_MEDIA,android.permission.INTERNET,android.permission.ACCESS_WIFI_STATE,android.permission.WAKE_LOCK,android.permission.USE_FINGERPRINT,android.permission.FOREGROUND_SERVICE,gallery.photos.video.quickpic.fastopenphotosvideos.DYNAMIC_RECEIVER_NOT_EXPORTED_PERMISSION,class
0,1,1,1,1,1,1,1,1,1,1,1,1,1,1,1,1,1
