,android.permission.WRITE_EXTERNAL_STORAGE,android.permission.CHANGE_NETWORK_STATE,android.permission.MOUNT_UNMOUNT_FILESYSTEMS,android.permission.INTERNET,android.permission.READ_CONTACTS,android.permission.WRITE_CONTACTS,android.permission.SEND_SMS,android.permission.READ_SMS,android.permission.RECEIVE_SMS,android.permission.CALL_PHONE,android.permission.ACCESS_WIFI_STATE,android.permission.ACCESS_NETWORK_STATE,android.permission.ACCESS_FINE_LOCATION,android.permission.ACCESS_COARSE_LOCATION,android.permission.READ_EXTERNAL_STORAGE,android.permission.READ_LOGS,android.permission.READ_PHONE_STATE,android.permission.SYSTEM_ALERT_WINDOW,android.permission.ACCESS_LOCATION,android.permission.ACCESS_ASSISTED_GPS,android.permission.ACCESS_GPS,android.permission.CAMERA,android.permission.CHANGE_WIFI_STATE,android.permission.WAKE_LOCK,android.permission.RECEIVE_BOOT_COMPLETED,android.permission.VIBRATE,android.permission.GET_TASKS,android.permission.BLUETOOTH_ADMIN,android.permission.MANAGE_ACCOUNTS,android.permission.GET_ACCOUNTS,android.permission.BLUETOOTH,getui.permission.GetuiService.com.taojinjia.charlotte,android.permission.READ_CALL_LOG,android.permission.WRITE_CALL_LOG,android.permission.SET_DEBUG_APP,class
0,1,1,1,1,1,1,1,2,2,1,1,1,1,1,1,1,1,1,1,1,1,1,1,1,1,1,1,1,1,1,1,1,1,1,1,1
