,java.lang.Throwable,java.lang.Process,java.lang.Runtime,java.util.zip.ZipFile,java.lang.reflect.Field.getInt,java.io.ByteArrayOutputStream,java.util.zip.CheckedInputStream,dalvik.system.PathClassLoader,android.content.Context,android.app.Application.getPackageCodePath,java.util.zip.CRC32,java.lang.System.load,java.nio.channels.FileChannel,java.lang.System.getProperty,dalvik.system.DexFile,java.lang.IllegalAccessException,android.app.Application,android.os.Process,java.lang.reflect.Array,android.app.Application.onCreate,java.io.RandomAccessFile,java.lang.String.length,java.lang.reflect.Field.getType,java.lang.RuntimeException,java.lang.reflect.InvocationTargetException,java.lang.String.substring,java.lang.Exception,java.lang.System.arraycopy,java.lang.reflect.Method,java.io.File.delete,java.io.File.length,java.lang.String.endsWith,java.lang.reflect.Field.getLong,java.util.Arrays,java.lang.String.contains,java.lang.String.indexOf,java.lang.reflect.Method.isAccessible,dalvik.system.PathClassLoader.getPackage,java.lang.reflect.Field.set,java.io.InputStream,android.content.Context.getPackageManager,android.content.Context.getPackageName,java.io.File.isDirectory,java.lang.System.mapLibraryName,java.io.BufferedInputStream.close,java.nio.channels.FileLock,dalvik.system.DexFile.loadClass,java.io.File.toURL,dalvik.system.PathClassLoader.findClass,java.io.InputStream.close,java.lang.reflect.Field.setAccessible,java.lang.Runtime.exec,dalvik.system.DexFile.loadDex,java.io.File,java.lang.String,java.io.File.isFile,java.io.BufferedInputStream,java.lang.reflect.Field.setLong,java.lang.ClassLoader,java.util.zip.Checksum,java.util.zip.ZipEntry,java.lang.StringBuilder,java.util.zip.CRC32.update,java.io.File.getAbsolutePath,java.io.ByteArrayOutputStream.toByteArray,android.content.pm.PackageManager,java.lang.System.loadLibrary,java.lang.System,java.lang.Object,java.lang.NoSuchMethodException,android.content.Context.getApplicationInfo,dalvik.system.PathClassLoader.findResource,java.lang.IllegalArgumentException,java.lang.String.split,java.lang.String.equals,java.lang.Integer,java.lang.Long,java.io.BufferedOutputStream.close,java.util.zip.CheckedInputStream.close,java.io.FileNotFoundException,java.lang.StringBuilder.append,java.util.zip.CheckedInputStream.read,java.io.BufferedReader,java.lang.reflect.Field,java.lang.reflect.Field.isAccessible,android.os.Process.myTid,java.io.File.exists,android.app.Application.attachBaseContext,java.lang.String.replace,java.io.File.mkdir,java.io.RandomAccessFile.seek,java.lang.NoSuchFieldException,java.io.RandomAccessFile.length,android.os.Process.myPid,java.lang.String.lastIndexOf,android.content.Context.getClassLoader,java.lang.reflect.Method.invoke,java.io.BufferedOutputStream,java.util.zip.ZipFile.close,java.util.zip.ZipEntry.getCrc,java.io.RandomAccessFile.read,java.nio.channels.FileChannel.close,java.io.RandomAccessFile.getChannel,java.lang.String.startsWith,java.util.zip.ZipFile.getEntry,java.io.IOException,class
0,1,1,2,28,10,2,3,4,6,1,2,1,13,3,9,30,5,11,8,1,46,2,10,7,18,13,4,40,34,2,3,3,5,11,3,1,10,1,32,2,1,1,3,1,47,4,1,1,1,1,9,1,5,27,78,1,52,2,1,1,23,658,1,11,1,1,1,51,35,17,1,1,30,6,33,9,5,9,1,3,485,1,1,125,7,1,4,1,3,1,1,4,1,5,11,1,13,11,1,2,2,12,1,1,23,117,1
