,android.permission.READ_EXTERNAL_STORAGE,android.permission.WRITE_EXTERNAL_STORAGE,android.permission.POST_NOTIFICATIONS,android.permission.INTERNET,android.permission.CALL_PHONE,android.permission.ACCESS_NETWORK_STATE,android.permission.ACCESS_WIFI_STATE,android.permission.READ_PHONE_STATE,READ_PHONE_NUMBERS,android.permission.READ_PRIVILEGED_PHONE_STAT,android.permission.BLUETOOTH,android.permission.READ_PRIVILEGED_PHONE_STATE,android.permission.WAKE_LOCK,com.google.android.c2dm.permission.RECEIVE,com.google.android.finsky.permission.BIND_GET_INSTALL_REFERRER_SERVICE,com.google.android.gms.permission.AD_ID,class
0,1,1,1,1,1,1,1,1,1,1,1,1,1,1,1,1,0
