,rem-float/2addr,mul-float/2addr,rem-int/2addr,array-length,div-int/lit8,sub-float/2addr,move,if-eqz,and-int/lit8,and-int,int-to-long,filled-new-array,invoke-interface/range,mul-int/lit8,int-to-short,sparse-switch,return-wide,xor-int/lit8,const,sput-object,if-le,add-long/2addr,float-to-double,iget-byte,iget-boolean,mul-float,iput-byte,if-lt,invoke-direct/range,sub-long/2addr,neg-float,return,neg-double,sub-long,iput,const-string,iput-object,cmpg-float,if-nez,aput,ushr-int/lit8,move-result,div-long/2addr,sput,nop,or-int,new-array,sget-object,if-gt,fill-array-data-payload,const-wide/32,mul-long/2addr,rsub-int,sub-double/2addr,return-object,if-ge,add-double/2addr,move-wide/from16,xor-int,if-gez,filled-new-array/range,long-to-double,invoke-super/range,aput-wide,const/4,neg-int,instance-of,if-gtz,shl-long,double-to-long,iput-char,and-int/lit16,aput-object,iput-wide,move-wide,const-wide/high16,div-int,add-int/lit8,invoke-super,sub-double,and-long/2addr,rsub-int/lit8,and-long,const/16,cmpl-float,goto,mul-double,cmpg-double,cmp-long,and-int/2addr,int-to-double,iput-boolean,add-long,if-eq,shr-long,long-to-int,throw,div-double,ushr-int/2addr,sget-char,div-double/2addr,const-wide/16,aput-byte,add-float/2addr,invoke-static/range,xor-long,move-object,sput-wide,sparse-switch-payload,return-void,ushr-long,invoke-static,long-to-float,double-to-float,aget-byte,div-int/lit16,add-float,iget,shl-int/2addr,sub-float,add-int/lit16,sput-boolean,shl-long/2addr,aget-wide,packed-switch-payload,rem-int,move/from16,sget-wide,move-result-object,shr-long/2addr,or-long,move-result-wide,invoke-interface,aput-boolean,monitor-enter,aget-boolean,iget-short,rem-long/2addr,if-lez,invoke-direct,aget-char,const/high16,iget-wide,mul-long,rem-long,if-ltz,iput-short,or-int/lit8,sget,aput-short,sub-int/2addr,int-to-float,iget-char,div-int/2addr,const-class,aget-object,check-cast,aget,aput-char,goto/16,shr-int/2addr,ushr-int,div-long,cmpl-double,move-object/from16,if-ne,shr-int/lit8,xor-long/2addr,add-int/2addr,sub-int,add-double,mul-int/lit16,sget-boolean,neg-long,rem-int/lit8,invoke-virtual,xor-int/2addr,invoke-virtual/range,div-float/2addr,int-to-byte,xor-int/lit16,double-to-int,new-instance,packed-switch,mul-int,shl-int,move-exception,float-to-int,rem-int/lit16,ushr-long/2addr,monitor-exit,div-float,shl-int/lit8,iget-object,int-to-char,or-int/lit16,aget-short,fill-array-data,const-wide,add-int,or-long/2addr,or-int/2addr,float-to-long,class
0,5,9,15,3166,136,327,2300,20511,949,625,675,43,121,286,41,19,923,438,941,3138,466,399,172,2,3100,466,5,1195,1126,243,83,9295,2,87,6615,28257,13383,163,9557,1139,71,30170,42,53,270,168,3124,7541,389,1042,111,6,16,33,18787,3243,119,145,723,756,16,49,26,114,33642,199,1742,262,19,30,10,176,3483,872,577,150,11,5103,1067,14,163,17,37,6216,431,19108,142,63,1169,659,113,2887,79,3012,26,261,4775,22,9,11,72,1325,142,403,877,6,7300,23,19,20999,46,47358,37,101,701,9,47,10007,92,141,16,93,60,599,138,7,1269,29,54423,8,4,2981,17799,30,877,208,1,28,1166,29542,204,1202,1148,103,11,1056,2,67,2326,16,1190,897,27,40,723,1573,13838,1213,24,1534,14,2,14,55,3046,3720,74,54,1734,246,6,17,188,34,14,70781,376,1138,387,175,3,63,20027,138,101,19,2689,324,6,14,2037,63,258,39715,29,47,203,1042,379,172,53,554,6,0
