,android.permission.INTERNET,com.google.android.gms.permission.AD_ID,android.permission.ACCESS_NETWORK_STATE,com.applovin.array.apphub.permission.BIND_APPHUB_SERVICE,android.permission.ACCESS_WIFI_STATE,android.permission.VIBRATE,android.permission.RECEIVE_BOOT_COMPLETED,android.permission.POST_NOTIFICATIONS,android.permission.WAKE_LOCK,com.crazyfoxstudio.borderline.security.force.DYNAMIC_RECEIVER_NOT_EXPORTED_PERMISSION,com.android.vending.BILLING,android.permission.FOREGROUND_SERVICE,class
0,1,1,1,1,1,1,1,1,1,1,1,1,1
