,rem-float/2addr,long-to-int,rem-int/2addr,array-length,div-int/lit8,sub-float/2addr,move,if-eqz,and-int/lit8,and-int,int-to-long,filled-new-array,invoke-interface/range,mul-int/lit8,int-to-short,sparse-switch,return-wide,xor-int/lit8,const,sput-object,if-le,add-long/2addr,float-to-double,iget-byte,iget-boolean,mul-float,iput-byte,if-lt,invoke-direct/range,sub-long/2addr,neg-float,return,rem-int/lit8,const/high16,iput,const-string,iput-object,cmpg-float,if-nez,aput,ushr-int/lit8,move-result,div-long/2addr,sput,nop,or-int,new-array,sget-object,if-gt,fill-array-data-payload,const-wide/32,rsub-int,sub-double/2addr,return-object,if-ge,aput-byte,move-wide/from16,xor-int,sput-char,if-gez,div-float/2addr,long-to-double,invoke-super/range,aput-wide,const/4,instance-of,shl-long,double-to-long,iput-char,and-int/lit16,aput-object,iput-wide,move-wide,int-to-float,div-int,add-int/lit8,invoke-super,sub-double,and-long/2addr,rsub-int/lit8,and-long,const/16,cmpl-float,goto,mul-double,or-long/2addr,cmp-long,and-int/2addr,int-to-double,iput-boolean,add-long,if-eq,not-int,shr-long,add-double/2addr,throw,div-double,sget-char,div-double/2addr,goto/16,sget-wide,sput-boolean,invoke-static/range,xor-long,move-object,sput-wide,sparse-switch-payload,return-void,ushr-long,invoke-static,long-to-float,double-to-float,aget-byte,div-int/lit16,add-float,iget,shl-int/2addr,sub-float,add-int/lit16,add-float/2addr,shl-long/2addr,aget-wide,packed-switch-payload,rem-int,move/from16,move-result-object,shr-long/2addr,or-long,not-long,move-result-wide,invoke-interface,aget,monitor-enter,aget-boolean,iget-short,rem-long/2addr,if-lez,invoke-direct,aget-char,sub-int/2addr,sub-long,iget-wide,mul-long,rem-long,if-ltz,iput-short,or-int/lit8,sget,aput-short,if-gtz,const-wide/high16,iget-char,div-int/2addr,const-class,aget-object,check-cast,aput-boolean,aput-char,const-wide/16,shr-int/2addr,ushr-int,div-long,cmpl-double,move-object/from16,if-ne,cmpg-double,xor-long/2addr,add-int/2addr,sub-int,add-double,mul-int/lit16,sget-boolean,shr-int,neg-long,neg-double,invoke-virtual,xor-int/2addr,invoke-virtual/range,filled-new-array/range,rem-double/2addr,int-to-byte,shr-int/lit8,double-to-int,new-instance,packed-switch,mul-int,shl-int,move-exception,float-to-int,ushr-long/2addr,monitor-exit,div-float,shl-int/lit8,iget-object,int-to-char,or-int/lit16,aget-short,fill-array-data,const-wide,add-int,neg-int,or-int/2addr,float-to-long,class
0,12,226,14,1673,224,461,2791,21704,518,37,612,108,107,346,28,36,694,146,1032,3096,521,248,425,13,3568,1193,21,1350,903,204,126,11847,36,1545,8048,18930,13763,288,10301,1458,55,31935,12,83,248,23,3072,7201,424,534,78,16,123,17366,2952,152,544,5,4,532,626,17,23,160,34438,1499,11,15,34,293,2766,770,401,1437,23,4378,1548,65,97,9,10,6665,695,18206,441,48,779,268,107,3499,21,3804,36,16,139,5632,32,8,109,1552,27,142,747,3,5189,17,36,25061,42,29398,40,287,193,8,73,12340,17,223,27,713,56,264,274,10,2548,44122,7,9,5,2809,13906,1363,1211,32,21,1,1287,29446,49,1537,52,1168,33,3,868,24,48,2527,2,318,177,25,92,973,1565,8614,37,27,1185,9,3,10,98,2751,4461,98,30,2028,395,31,11,296,1,10,21,75648,181,2007,30,9,162,128,88,17016,274,275,24,3415,505,7,2776,114,179,44739,25,29,1,534,236,234,220,362,11,1
