,android.permission.ACCESS_WIFI_STATE,android.permission.RECORD_AUDIO,android.permission.ACCESS_NETWORK_STATE,android.permission.CAMERA,android.permission.BLUETOOTH,android.permission.MODIFY_AUDIO_SETTINGS,android.permission.WRITE_EXTERNAL_STORAGE,android.permission.READ_PHONE_STATE,android.permission.WAKE_LOCK,android.permission.INTERNET,android.permission.VIBRATE,android.permission.POST_NOTIFICATIONS,android.permission.WRITE_CALENDAR,android.permission.READ_CALENDAR,android.permission.RECEIVE_BOOT_COMPLETED,android.permission.USE_FULL_SCREEN_INTENT,android.permission.SCHEDULE_EXACT_ALARM,com.google.android.gms.permission.AD_ID,android.permission.FOREGROUND_SERVICE,android.permission.READ_EXTERNAL_STORAGE,de.codepirate.LearningApp.permission.WRITE_SCHEDULE,com.google.android.c2dm.permission.RECEIVE,com.google.android.finsky.permission.BIND_GET_INSTALL_REFERRER_SERVICE,de.codepirate.LearningApp.DYNAMIC_RECEIVER_NOT_EXPORTED_PERMISSION,com.android.vending.BILLING,class
0,1,1,1,1,1,1,1,1,1,1,1,1,1,1,1,1,1,1,1,1,1,1,1,1,1,1
