,rem-float/2addr,long-to-int,rem-int/2addr,array-length,div-int/lit8,sub-float/2addr,move,if-eqz,and-int/lit8,and-int,int-to-long,filled-new-array,invoke-interface/range,mul-int/lit8,int-to-short,sparse-switch,return-wide,xor-int/lit8,const,sput-object,if-le,add-long/2addr,float-to-double,iget-byte,iget-boolean,mul-float,add-int/2addr,iput-byte,if-lt,invoke-direct/range,sub-long/2addr,neg-float,return,rem-int/lit8,const/high16,iput,const-string,iput-object,cmpg-float,if-nez,aput,ushr-int/lit8,move-result,iget-short,sput,nop,or-int,new-array,sget-object,if-gt,fill-array-data-payload,const-wide/32,rsub-int,sub-double/2addr,return-object,if-ge,aput-byte,move-wide/from16,if-gez,filled-new-array/range,long-to-double,invoke-super/range,aput-wide,or-int/lit16,const/4,instance-of,shl-long,double-to-long,iput-char,and-int/lit16,aput-object,iput-wide,move-wide,const-wide/high16,div-int,add-int/lit8,invoke-super,sub-double,and-long/2addr,rsub-int/lit8,and-long,const/16,cmpl-float,goto,mul-double,or-long/2addr,cmp-long,and-int/2addr,int-to-double,iput-boolean,add-long,if-eq,shr-long,add-double/2addr,throw,div-double,sget-char,div-double/2addr,div-long/2addr,const-wide/16,sget-wide,sput-boolean,invoke-static/range,xor-long,move-object,sput-wide,sparse-switch-payload,return-void,ushr-long,invoke-static,long-to-float,double-to-float,aget-byte,div-int/lit16,add-float,iget,shl-int/2addr,sub-float,add-int/lit16,add-float/2addr,shl-long/2addr,aget-wide,packed-switch-payload,rem-int,move/from16,move-result-object,shr-long/2addr,or-long,move-result-wide,invoke-interface,aget,monitor-enter,aget-boolean,rem-long/2addr,if-lez,invoke-direct,aget-char,sub-int/2addr,sub-long,iget-wide,mul-long,rem-long,if-ltz,iput-short,or-int/lit8,sget,aput-short,if-gtz,int-to-float,iget-char,div-int/2addr,const-class,aget-object,check-cast,aput-boolean,aput-char,goto/16,shr-int/2addr,div-long,cmpl-double,move-object/from16,if-ne,shr-int/lit8,xor-long/2addr,move-exception,sub-int,add-double,mul-int/lit16,sget-boolean,shr-int,neg-long,neg-double,invoke-virtual,xor-int/2addr,invoke-virtual/range,div-float/2addr,rem-double/2addr,int-to-byte,double-to-int,new-instance,packed-switch,mul-int,shl-int,or-int/2addr,float-to-int,rem-int/lit16,ushr-long/2addr,monitor-exit,div-float,shl-int/lit8,iget-object,int-to-char,cmpg-double,aget-short,fill-array-data,const-wide,add-int,neg-int,xor-int,float-to-long,class
0,12,169,38,3710,236,452,3323,24855,940,68,525,133,128,344,31,35,897,191,2481,3571,648,225,422,11,3496,1302,2314,19,2145,973,133,130,13017,43,1841,8913,25685,13865,277,11677,1699,51,37714,20,101,232,19,3958,7784,957,1056,55,6,124,21727,4087,114,604,765,98,27,26,188,24,42608,1968,10,16,36,253,4034,720,606,205,27,6625,1923,68,80,9,10,8619,684,23132,432,24,624,314,162,3615,19,4405,14,204,5276,38,10,117,16,1096,57,178,739,3,7155,29,35,26677,15,40899,46,275,373,14,97,13090,10,220,17,841,38,733,182,21,2816,55679,7,5,3241,19377,2020,991,221,7,1406,32379,205,1703,54,987,31,8,1307,22,53,3268,17,311,1702,26,106,1322,2130,11110,54,41,1575,7,11,103,3042,4907,98,26,2919,461,33,15,368,1,17,21,88421,150,2218,653,9,116,82,19591,182,249,18,302,641,2,1,2221,125,134,45222,30,99,239,1056,277,272,229,1,15,0
