,android.permission.ACCESS_NETWORK_STATE,android.permission.INTERNET,com.google.android.gms.permission.AD_ID,android.permission.ACCESS_WIFI_STATE,android.permission.WAKE_LOCK,android.permission.RECEIVE_BOOT_COMPLETED,android.permission.FOREGROUND_SERVICE,class
0,1,1,1,1,1,1,1,0
