,mul-double,rem-float/2addr,long-to-int,rem-int/2addr,array-length,div-int/lit8,sub-float/2addr,move,if-eqz,and-int/lit8,and-int,int-to-long,filled-new-array,invoke-interface/range,mul-int/lit8,sput,sparse-switch,return-wide,xor-int/lit8,const,sput-object,if-le,add-long/2addr,float-to-double,iget-byte,iget-boolean,mul-float,iput-byte,if-lt,invoke-direct/range,sub-long/2addr,neg-float,return,neg-double,const/high16,iput,const-string,iput-object,cmpg-float,if-nez,aput,ushr-int/lit8,move-result,iget-wide,int-to-short,nop,or-int,new-array,sget-object,sput-byte,if-gt,fill-array-data-payload,sget-boolean,const-wide/32,mul-long/2addr,rsub-int,sub-double/2addr,return-object,if-ge,aput-byte,move-wide/from16,xor-int,sput-char,if-gez,filled-new-array/range,long-to-double,invoke-super/range,aput-wide,or-int/lit16,const/4,instance-of,if-gtz,shl-long,double-to-long,iput-char,and-int/lit16,aput-object,iput-wide,move-wide,const-wide/high16,div-int,add-int/lit8,invoke-super,sub-double,and-long/2addr,rsub-int/lit8,const/16,cmpl-float,goto,and-long,or-long/2addr,mul-int/2addr,cmp-long,and-int/2addr,iput-boolean,add-long,if-eq,not-int,shl-int/2addr,add-double/2addr,throw,div-double,ushr-int/2addr,sget-char,div-double/2addr,const-wide/16,div-int/2addr,sput-boolean,invoke-static/range,xor-long,move-object,sput-wide,sparse-switch-payload,return-void,ushr-long,invoke-static,long-to-float,double-to-float,aget-byte,div-int/lit16,add-float,iget,shr-long,sub-float,add-int/lit16,mul-float/2addr,add-float/2addr,shl-long/2addr,aget-wide,packed-switch-payload,rem-int,move/from16,move-result-object,shr-long/2addr,or-long,not-long,move-result-wide,invoke-interface,aput-boolean,monitor-enter,aget-boolean,iget-short,rem-long/2addr,if-lez,invoke-direct,aget-char,sub-long,div-long/2addr,mul-long,rem-long,if-ltz,iput-short,or-int/lit8,sget,aput-short,sub-int/2addr,int-to-float,iget-char,sget-wide,const-class,aget-object,check-cast,aget,aput-char,sget-byte,goto/16,shr-int/2addr,ushr-int,div-long,cmpl-double,move-object/from16,if-ne,shr-int/lit8,xor-long/2addr,add-int/2addr,sub-int,add-double,mul-int/lit16,int-to-double,shr-int,neg-long,rem-int/lit8,invoke-virtual,xor-int/2addr,invoke-virtual/range,div-float/2addr,mul-double/2addr,rem-double/2addr,int-to-byte,xor-int/lit16,double-to-int,new-instance,packed-switch,mul-int,shl-int,move-exception,float-to-int,rem-int/lit16,ushr-long/2addr,monitor-exit,div-float,shl-int/lit8,iget-object,int-to-char,cmpg-double,aget-short,fill-array-data,const-wide,add-int,neg-int,or-int/2addr,float-to-long,class
0,131,14,588,50,2082,328,505,15441,44447,3119,797,1215,2061,402,1256,191,106,737,332,6815,7134,831,230,396,6,5590,227,3,1399,2347,161,174,12636,41,2919,12957,40848,24705,604,17784,1350,253,51289,3437,56,977,400,2884,20848,2,890,493,267,190,69,9,60,24525,4287,315,1201,12,1,843,168,43,44,53,255,52111,4459,429,70,22,40,1146,2646,1351,793,191,22,7455,2254,73,241,58,18381,651,41845,84,90,438,997,1208,4320,145,6117,43,106,134,8637,42,24,1,136,1693,117,106,2005,25,18368,119,106,28712,74,68766,45,234,522,9,113,22866,227,214,20,999,788,119,70,2369,15,6792,81269,111,22,14,4919,21948,42,1109,33,65,10,1997,47432,82,81,62,38,5,1189,39,504,1960,1,2624,1961,81,416,1873,1958,40746,2072,78,2,5654,16,1,33,116,14428,9388,377,126,4589,685,76,11,203,29,15,68,128585,894,3217,563,302,3,367,8,109,38654,2369,44,122,3565,631,3,32,2468,104,574,70623,221,126,5,493,413,533,337,1541,20,0
