,android.permission.ACCESS_NETWORK_STATE,android.permission.WRITE_EXTERNAL_STORAGE,android.permission.READ_EXTERNAL_STORAGE,com.google.android.providers.gsf.permission.READ_GSERVICES,android.permission.ACCESS_COARSE_LOCATION,android.permission.ACCESS_FINE_LOCATION,android.permission.ACCESS_BACKGROUND_LOCATION,android.permission.WAKE_LOCK,android.permission.VIBRATE,com.google.android.c2dm.permission.RECEIVE,com.active911.app.permission.MAPS_RECEIVE,com.active911.app.permission.C2D_MESSAGE,android.permission.FOREGROUND_SERVICE,android.permission.USE_FULL_SCREEN_INTENT,android.permission.RECORD_AUDIO,android.permission.INTERNET,com.google.android.finsky.permission.BIND_GET_INSTALL_REFERRER_SERVICE,class
0,1,1,1,1,1,1,1,1,1,1,1,1,1,1,1,1,1,0
