,android.permission.ACCESS_NETWORK_STATE,android.permission.INTERNET,com.google.android.gms.permission.AD_ID,android.permission.FOREGROUND_SERVICE,android.permission.WAKE_LOCK,android.permission.ACCESS_WIFI_STATE,com.google.android.finsky.permission.BIND_GET_INSTALL_REFERRER_SERVICE,com.applovin.array.apphub.permission.BIND_APPHUB_SERVICE,class
0,1,1,1,1,1,1,1,1,1
