,rem-int/2addr,array-length,div-int/lit8,move,if-eqz,and-int/lit8,filled-new-array,mul-int/lit8,sparse-switch,xor-int/lit8,const,sput-object,if-le,iget-boolean,if-lt,return,iput,const-string,iput-object,if-nez,aput,ushr-int/lit8,move-result,nop,or-int,new-array,sget-object,if-gt,fill-array-data-payload,rsub-int,return-object,if-ge,aput-byte,invoke-super/range,const/4,and-int/lit16,aput-object,neg-int,div-int,add-int/lit8,invoke-super,const/16,goto,and-int/2addr,iput-boolean,if-eq,throw,goto/16,move-object,sparse-switch-payload,return-void,invoke-static,aget-byte,iget,packed-switch-payload,rem-int,move/from16,move-result-object,invoke-interface,add-int/2addr,if-lez,invoke-direct,aget-char,const/high16,if-ltz,sget,sub-int/2addr,aget-object,check-cast,aget,aput-char,shr-int/2addr,ushr-int,move-object/from16,if-ne,shr-int/lit8,move-exception,sub-int,mul-int/lit16,rem-int/lit8,invoke-virtual,xor-int/2addr,invoke-virtual/range,int-to-byte,new-instance,packed-switch,shl-int,or-int/2addr,shl-int/lit8,iget-object,int-to-char,fill-array-data,add-int,xor-int,class
0,1,20,2,17,53,6,15,5,2,1,11,6,3,4,7,9,2,122,6,32,30,81,83,10,10,29,22,1,4,1,43,21,39,1,171,105,23,1,1,61,2,180,79,4,2,2,16,9,14,2,18,114,99,7,2,2,97,279,8,31,2,102,23,2,1,5,1,28,35,115,9,1,1,62,12,49,29,2,3,8,290,43,9,7,59,2,1,65,93,6,9,4,4,108,0
