,rem-float/2addr,long-to-int,rem-int/2addr,array-length,div-int/lit8,sub-float/2addr,move,if-eqz,and-int/lit8,and-int,int-to-long,filled-new-array,invoke-interface/range,mul-int/lit8,int-to-short,sparse-switch,return-wide,xor-int/lit8,const,sput-object,if-le,add-long/2addr,float-to-double,iget-byte,iget-boolean,mul-float,add-int/2addr,iput-byte,if-lt,invoke-direct/range,sub-long/2addr,neg-float,return,rem-int/lit8,const/high16,iput,const-string,iput-object,cmpg-float,if-nez,aput,ushr-int/lit8,move-result,div-long/2addr,sput,nop,or-int,new-array,sget-object,if-gt,fill-array-data-payload,const-wide/32,rsub-int,sub-double/2addr,return-object,if-ge,aput-byte,move-wide/from16,xor-int,if-gez,filled-new-array/range,long-to-double,invoke-super/range,aput-wide,move-object/16,or-int/lit16,const/4,instance-of,shl-long,double-to-long,iput-char,and-int/lit16,aput-object,iput-wide,move-wide,const-wide/high16,div-int,add-int/lit8,invoke-super,sub-double,and-long/2addr,rsub-int/lit8,and-long,const/16,cmpl-float,goto,mul-double,or-long/2addr,cmp-long,and-int/2addr,int-to-double,iput-boolean,add-long,if-eq,not-int,shr-long,add-double/2addr,throw,div-double,ushr-int/2addr,div-double/2addr,const-wide/16,sget-wide,sput-boolean,invoke-static/range,xor-long,move-object,sput-wide,sparse-switch-payload,return-void,const-string/jumbo,ushr-long,invoke-static,long-to-float,double-to-float,aget-byte,div-int/lit16,add-float,iget,shl-int/2addr,sub-float,add-int/lit16,add-float/2addr,shl-long/2addr,aget-wide,packed-switch-payload,rem-int,move/from16,move-result-object,shr-long/2addr,or-long,not-long,move-result-wide,invoke-interface,aget,monitor-enter,aget-boolean,iget-short,rem-long/2addr,if-lez,invoke-direct,aget-char,sub-int/2addr,sub-long,iget-wide,mul-long,rem-long,if-ltz,iput-short,or-int/lit8,sget,aput-short,if-gtz,int-to-float,iget-char,div-int/2addr,const-class,aget-object,check-cast,aput-boolean,aput-char,goto/16,shr-int/2addr,div-long,cmpl-double,move-object/from16,if-ne,shr-int/lit8,xor-long/2addr,move-exception,add-double,mul-int/lit16,sget-boolean,shr-int,neg-long,neg-double,invoke-virtual,xor-int/2addr,invoke-virtual/range,div-float/2addr,int-to-byte,xor-int/lit16,double-to-int,new-instance,packed-switch,mul-int,shl-int,sub-int,float-to-int,rem-int/lit16,ushr-long/2addr,monitor-exit,div-float,shl-int/lit8,iget-object,int-to-char,cmpg-double,aget-short,fill-array-data,const-wide,add-int,neg-int,or-int/2addr,float-to-long,class
0,8,201,11,1916,182,215,2734,23471,856,168,737,90,88,445,17,20,582,132,1736,10051,720,190,202,172,3278,654,2578,275,1778,1297,115,69,13059,13,1179,7080,24743,14361,150,11489,2399,159,31691,21,113,261,54,3613,18222,498,449,96,18,25,30513,3235,352,184,9,513,17,12,21,61,546,132,41360,1862,9,4,42,449,10638,546,211,138,17,5685,1497,21,132,20,21,18178,417,18555,143,59,597,674,51,2945,123,5843,71,23,67,5284,19,6,64,913,34,146,586,7,6550,30,20,27985,2169,41,32113,17,114,407,26,42,11576,67,86,14,419,82,111,371,7,1919,53496,18,8,6,2155,15193,1510,964,31,17,3,1154,38470,210,1542,46,823,66,3,806,3,104,2089,6,227,885,67,51,2627,1456,9858,30,248,1767,38,6,45,3962,5060,377,63,3242,19,24,278,1,10,3,83225,252,1290,326,354,4,56,23909,371,233,69,396,323,2,21,2195,49,517,42558,133,22,6,449,169,324,190,579,6,1
