,android.permission.READ_LOGS,android.permission.CALL_PHONE,android.permission.CAMERA,android.permission.REQUEST_IGNORE_BATTERY_OPTIMIZATIONS,android.permission.INTERNET,android.permission.WRITE_EXTERNAL_STORAGE,android.permission.ACCESS_NETWORK_STATE,android.permission.ACCESS_WIFI_STATE,android.permission.READ_PHONE_STATE,android.permission.ACCESS_COARSE_LOCATION,android.permission.ACCESS_FINE_LOCATION,android.permission.READ_EXTERNAL_STORAGE,android.permission.MOUNT_UNMOUNT_FILESYSTEMS,com.guua.waimai.permission.JPUSH_MESSAGE,android.permission.RECEIVE_USER_PRESENT,android.permission.WAKE_LOCK,android.permission.VIBRATE,android.permission.WRITE_SETTINGS,android.permission.CHANGE_NETWORK_STATE,android.permission.GET_TASKS,android.permission.RESTART_PACKAGES,android.permission.RECEIVE_BOOT_COMPLETED,android.permission.REORDER_TASKS,android.permission.RECORD_AUDIO,android.permission.FLASHLIGHT,android.permission.MODIFY_AUDIO_SETTINGS,android.permission.USE_FINGERPRINT,android.permission.READ_PRIVILEGED_PHONE_STATE,class
0,1,1,5,1,2,4,1,2,3,1,1,1,3,1,1,1,2,1,2,3,1,1,1,2,2,1,1,1,1
