,android.permission.INTERNET,android.permission.CAMERA,android.permission.FLASHLIGHT,android.permission.WRITE_EXTERNAL_STORAGE,android.permission.ACCESS_COARSE_LOCATION,android.permission.ACCESS_FINE_LOCATION,android.permission.ACCESS_NOTIFICATION_POLICY,android.permission.RECEIVE_BOOT_COMPLETED,android.permission.WAKE_LOCK,android.permission.READ_EXTERNAL_STORAGE,android.permission.FOREGROUND_SERVICE,android.permission.RECORD_AUDIO,android.permission.MODIFY_AUDIO_SETTINGS,android.permission.READ_PHONE_STATE,android.permission.VIBRATE,com.android.vending.BILLING,android.permission.ACCESS_NETWORK_STATE,com.sec.android.provider.badge.permission.READ,com.sec.android.provider.badge.permission.WRITE,com.htc.launcher.permission.READ_SETTINGS,com.htc.launcher.permission.UPDATE_SHORTCUT,com.sonyericsson.home.permission.BROADCAST_BADGE,com.sonymobile.home.permission.PROVIDER_INSERT_BADGE,com.anddoes.launcher.permission.UPDATE_COUNT,com.majeur.launcher.permission.UPDATE_BADGE,com.huawei.android.launcher.permission.CHANGE_BADGE,com.huawei.android.launcher.permission.READ_SETTINGS,com.huawei.android.launcher.permission.WRITE_SETTINGS,android.permission.READ_APP_BADGE,com.oppo.launcher.permission.READ_SETTINGS,com.oppo.launcher.permission.WRITE_SETTINGS,me.everything.badger.permission.BADGE_COUNT_READ,me.everything.badger.permission.BADGE_COUNT_WRITE,android.permission.ACCESS_WIFI_STATE,com.google.android.finsky.permission.BIND_GET_INSTALL_REFERRER_SERVICE,com.google.android.c2dm.permission.RECEIVE,class
0,1,1,1,1,1,1,1,1,1,1,1,1,1,1,1,1,1,1,1,1,1,1,1,1,1,1,1,1,1,1,1,1,1,1,1,1,1
