,android.os.Process,android.app.Activity,android.app.Application,java.lang.String.getBytes,android.content.Intent.addFlags,android.os.Process.killProcess,java.io.File,java.lang.String,android.content.Context,android.content.Intent,class
0,4,1,1,3,2,2,1,4,2,4,1
