,android.permission.INTERNET,android.permission.ACCESS_NETWORK_STATE,android.permission.USE_FINGERPRINT,android.permission.DISABLE_KEYGUARD,android.permission.SYSTEM_ALERT_WINDOW,android.permission.VIBRATE,android.permission.WAKE_LOCK,android.permission.RECEIVE_BOOT_COMPLETED,android.permission.READ_PHONE_STATE,android.permission.FOREGROUND_SERVICE,com.google.android.gms.permission.AD_ID,com.google.android.c2dm.permission.RECEIVE,com.google.android.finsky.permission.BIND_GET_INSTALL_REFERRER_SERVICE,class
0,1,1,1,1,1,1,1,1,1,1,1,1,1,0
