,rem-float/2addr,rem-double,long-to-int,rem-int/2addr,array-length,div-int/lit8,sub-float/2addr,move,if-eqz,and-int/lit8,and-int,int-to-long,filled-new-array,invoke-interface/range,mul-int/lit8,int-to-short,sparse-switch,return-wide,xor-int/lit8,const,sput-object,if-le,add-long/2addr,float-to-double,iget-byte,iget-boolean,mul-float,add-int/2addr,iput-byte,if-lt,invoke-direct/range,sub-long/2addr,neg-float,return,rem-int/lit8,const/high16,iput,const-string,iput-object,cmpg-float,if-nez,aput,ushr-int/lit8,move-result,div-long/2addr,sput,nop,or-int,new-array,sget-object,sput-byte,if-gt,fill-array-data-payload,const-wide/32,rsub-int,sub-double/2addr,return-object,if-ge,aput-byte,move-wide/from16,sput-char,if-gez,filled-new-array/range,long-to-double,invoke-super/range,aput-wide,or-int/lit16,const/4,instance-of,shl-long,double-to-long,iput-char,and-int/lit16,aput-object,iput-wide,move-wide,const-wide/high16,div-int,add-int/lit8,invoke-super,sub-double,and-long/2addr,rsub-int/lit8,and-long,const/16,cmpl-float,goto,mul-double,or-long/2addr,cmp-long,and-int/2addr,int-to-double,iput-boolean,add-long,if-eq,not-int,shr-long,add-double/2addr,throw,div-double,ushr-int/2addr,sget-char,div-double/2addr,const-wide/16,rem-float,sget-wide,sput-boolean,invoke-static/range,xor-long,move-object,sput-wide,sparse-switch-payload,return-void,const-string/jumbo,ushr-long,invoke-static,long-to-float,double-to-float,aget-byte,div-int/lit16,add-float,iget,shl-int/2addr,sub-float,add-int/lit16,add-float/2addr,shl-long/2addr,aget-wide,packed-switch-payload,rem-int,move/from16,move-result-object,shr-long/2addr,or-long,not-long,move-result-wide,invoke-interface,aget,monitor-enter,aget-boolean,iget-short,rem-long/2addr,if-lez,invoke-direct,aget-char,sub-int/2addr,sub-long,iget-wide,mul-long,rem-long,if-ltz,iput-short,or-int/lit8,sget,if-gtz,int-to-float,iget-char,div-int/2addr,const-class,aget-object,check-cast,aput-boolean,aput-char,sget-byte,goto/16,shr-int/2addr,ushr-int,div-long,cmpl-double,move-object/from16,if-ne,shr-int/lit8,xor-long/2addr,move-exception,sub-int,add-double,mul-int/lit16,sget-boolean,shr-int,neg-long,neg-double,invoke-virtual,xor-int/2addr,invoke-virtual/range,div-float/2addr,rem-double/2addr,int-to-byte,xor-int/lit16,double-to-int,new-instance,packed-switch,mul-int,shl-int,or-int/2addr,float-to-int,rem-int/lit16,ushr-long/2addr,monitor-exit,div-float,shl-int/lit8,iget-object,int-to-char,cmpg-double,aget-short,fill-array-data,const-wide,add-int,neg-int,xor-int,float-to-long,class
0,27,1,124,46,1655,350,594,3025,23745,840,39,331,106,107,617,19,37,502,163,1136,3779,703,143,421,4,3583,1263,3134,1,2276,980,83,170,13247,100,2026,9504,19662,14685,346,10760,2247,80,37233,18,119,279,21,4665,7710,2,611,1565,56,14,140,17928,3677,172,116,1,573,25,29,53,127,14,39388,1874,14,20,35,255,4088,502,164,205,33,5517,2230,67,62,47,7,9636,802,20371,419,23,394,305,108,3523,10,4460,39,8,144,4780,29,1,2,118,745,1,32,130,645,5,6390,20,37,27584,467,31,29386,35,239,277,19,111,15305,43,304,41,1011,40,315,224,20,1564,48346,7,7,4,1715,13813,2177,733,45,21,1,1381,33921,93,2093,25,768,25,2,958,12,118,5684,317,1975,28,103,1104,2136,10644,51,48,2,1732,8,4,5,117,2437,5210,124,30,2990,614,33,34,300,10,7,27,91179,268,1638,710,13,146,3,70,19344,224,342,62,347,659,19,2,1667,144,188,50755,133,125,1,1565,209,388,276,4,10,1
