,android.permission.INTERNET,android.permission.WRITE_EXTERNAL_STORAGE,android.permission.ACCESS_NETWORK_STATE,android.permission.ACCESS_WIFI_STATE,android.permission.ACCESS_COARSE_LOCATION,android.permission.ACCESS_FINE_LOCATION,android.permission.CALL_PHONE,android.permission.CAMERA,android.permission.CHANGE_NETWORK_STATE,android.permission.CHANGE_WIFI_STATE,android.permission.DELETE_PACKAGES,android.permission.FLASHLIGHT,android.permission.GET_ACCOUNTS,android.permission.MODIFY_AUDIO_SETTINGS,android.permission.MOUNT_UNMOUNT_FILESYSTEMS,android.permission.READ_LOGS,android.permission.RECEIVE_BOOT_COMPLETED,android.permission.RECORD_AUDIO,android.permission.VIBRATE,android.permission.WAKE_LOCK,android.permission.WRITE_SETTINGS,android.permission.RECEIVE_USER_PRESENT,android.permission.READ_PHONE_STATE,android.permission.READ_EXTERNAL_STORAGE,android.permission.READ_MEDIA_IMAGES,android.permission.READ_MEDIA_VIDEO,com.huawei.android.launcher.permission.CHANGE_BADGE,com.vivo.notification.permission.BADGE_ICON,com.supdropshipping.app.permission.JPUSH_MESSAGE,android.permission.POST_NOTIFICATIONS,com.hihonor.android.launcher.permission.CHANGE_BADGE,com.google.android.finsky.permission.BIND_GET_INSTALL_REFERRER_SERVICE,class
0,2,1,2,1,1,1,1,2,1,1,1,1,1,1,1,1,1,1,1,2,1,1,1,1,1,1,1,1,1,1,1,1,1
