,rem-float/2addr,rem-double,long-to-int,rem-int/2addr,array-length,div-int/lit8,sub-float/2addr,move,if-eqz,and-int/lit8,and-int,int-to-long,move-wide/from16,invoke-interface/range,mul-int/lit8,xor-long,sparse-switch,return-wide,xor-int/lit8,const,sput-object,if-le,add-long/2addr,float-to-double,iget-byte,iget-boolean,mul-float,add-int/2addr,iput-byte,if-lt,invoke-direct/range,sub-long/2addr,neg-float,return,rem-int/lit8,const/high16,iput,const-string,iput-object,cmpg-float,if-nez,aput,ushr-int/lit8,move-result,div-long/2addr,sput,nop,or-int,new-array,sget-object,sput-byte,if-gt,fill-array-data-payload,const-wide/32,rsub-int,sub-double/2addr,return-object,if-ge,aput-byte,if-gez,long-to-double,invoke-super/range,aput-wide,or-int/lit16,const/4,instance-of,shl-long,double-to-long,iput-char,and-int/lit16,aput-object,iput-wide,move-wide,const-wide/high16,div-int,add-int/lit8,invoke-super,sub-double,and-long/2addr,rsub-int/lit8,and-long,const/16,cmpl-float,goto,mul-double,or-long/2addr,cmp-long,and-int/2addr,int-to-double,iput-boolean,add-long,if-eq,shr-long,add-double/2addr,throw,div-double,ushr-int/2addr,div-double/2addr,const-wide/16,sget-wide,sput-boolean,invoke-static/range,move-object,sput-wide,sparse-switch-payload,return-void,ushr-long,invoke-static,long-to-float,double-to-float,aget-byte,div-int/lit16,add-float,iget,shl-int/2addr,sub-float,add-int/lit16,add-float/2addr,shl-long/2addr,aget-wide,packed-switch-payload,rem-int,move/from16,move-result-object,shr-long/2addr,or-long,move-result-wide,invoke-interface,aget,monitor-enter,aget-boolean,iget-short,rem-long/2addr,int-to-short,if-lez,invoke-direct,aget-char,sub-int/2addr,sub-long,iget-wide,mul-long,rem-long,if-ltz,iput-short,or-int/lit8,sget,aput-short,if-gtz,int-to-float,iget-char,div-int/2addr,const-class,aget-object,check-cast,aput-boolean,aput-char,sget-byte,goto/16,shr-int/2addr,ushr-int,div-long,cmpl-double,move-object/from16,if-ne,shr-int/lit8,xor-long/2addr,move-exception,sub-int,add-double,mul-int/lit16,sget-boolean,neg-long,neg-double,invoke-virtual,xor-int/2addr,invoke-virtual/range,div-float/2addr,rem-double/2addr,int-to-byte,double-to-int,new-instance,packed-switch,mul-int,shl-int,or-int/2addr,float-to-int,rem-int/lit16,ushr-long/2addr,monitor-exit,div-float,shl-int/lit8,iget-object,int-to-char,cmpg-double,aget-short,fill-array-data,const-wide,add-int,neg-int,xor-int,float-to-long,class
0,7,1,216,11,1308,174,280,2337,22041,814,104,439,246,212,536,3,47,557,175,780,8867,420,175,278,1,3718,793,2847,2,1820,1663,134,73,13456,11,1257,6849,27401,16043,232,13136,1114,62,33805,70,38,198,15,2483,16480,2,279,213,122,5,77,20497,2613,49,388,19,27,94,33,38977,2467,11,7,29,194,3597,998,332,267,21,3993,1307,42,87,10,13,6983,439,21910,247,28,1398,319,39,3161,50,4129,60,82,4178,17,3,65,1788,21,197,2752,12760,13,47,28894,49,42430,33,206,112,9,51,10747,27,174,16,535,29,236,164,8,2266,57382,11,6,3259,14917,1187,1075,42,5,10,18,1267,34931,36,1323,54,1539,59,4,1104,1,96,2022,1,349,1049,34,45,1037,1473,15231,26,33,2,2281,9,1,16,188,8156,3688,60,71,2633,377,24,3,281,11,9,81468,161,1971,423,10,72,40,19990,164,108,36,319,436,1,6,2336,90,205,47262,25,150,2,213,199,225,187,1,10,1
