,rem-float/2addr,mul-float/2addr,rem-int/2addr,array-length,move-wide,sub-float/2addr,move,if-eqz,and-int/lit8,and-int,int-to-long,filled-new-array,invoke-interface/range,mul-int/lit8,sput,sparse-switch,return-wide,xor-int/lit8,const,sput-object,if-le,add-long/2addr,float-to-double,iget-byte,iget-boolean,mul-float,add-int/2addr,iput-byte,if-lt,invoke-direct/range,sub-long/2addr,neg-long,neg-float,return,rem-int/lit8,sub-long,iput,const-string,iput-object,cmpg-float,if-nez,aput,ushr-int/lit8,move-result,iget-short,int-to-short,nop,or-int,new-array,sget-object,if-gt,fill-array-data-payload,const-wide/32,mul-long/2addr,rsub-int,and-long/2addr,return-object,if-ge,add-double/2addr,move-wide/from16,xor-int,if-gez,filled-new-array/range,long-to-double,invoke-super/range,aput-wide,or-int/lit16,const/4,instance-of,if-gtz,shl-long,double-to-long,iput-char,and-int/lit16,aput-object,iput-wide,ushr-long/2addr,const-wide/high16,div-int,add-int/lit8,invoke-super,div-int/lit8,sub-double,sub-double/2addr,rsub-int/lit8,and-long,const/16,cmpl-float,goto,mul-double,or-long/2addr,mul-int/2addr,cmp-long,and-int/2addr,int-to-double,iput-boolean,add-long,if-eq,not-int,shr-long,long-to-int,throw,div-double,ushr-int/2addr,sget-char,div-double/2addr,div-long/2addr,const-wide/16,aput-byte,sput-boolean,invoke-static/range,xor-long,move-object,sput-wide,sparse-switch-payload,return-void,ushr-long,invoke-static,long-to-float,double-to-float,aget-byte,div-int/lit16,add-float,iget,shl-int/2addr,sub-float,add-int/lit16,add-float/2addr,shl-long/2addr,aget-wide,packed-switch-payload,rem-int,move/from16,move-result-object,shr-long/2addr,or-long,not-long,move-result-wide,invoke-interface,aput-boolean,monitor-enter,aget-boolean,rem-long/2addr,if-lez,invoke-direct,aget-char,const/high16,iget-wide,mul-long,rem-long,if-ltz,iput-short,or-int/lit8,sget,aput-short,sub-int/2addr,int-to-float,iget-char,div-int/2addr,const-class,aget-object,check-cast,aget,aput-char,sget-byte,goto/16,shr-int/2addr,ushr-int,div-long,cmpl-double,move-object/from16,if-ne,shr-int/lit8,xor-long/2addr,move-exception,add-double,mul-int/lit16,sget-boolean,shr-int,sget-wide,neg-double,invoke-virtual,xor-int/2addr,invoke-virtual/range,div-float/2addr,mul-double/2addr,rem-double/2addr,int-to-byte,double-to-int,new-instance,packed-switch,mul-int,shl-int,sub-int,float-to-int,rem-int/lit16,monitor-exit,div-float,shl-int/lit8,iget-object,int-to-char,cmpg-double,aget-short,fill-array-data,const-wide,add-int,neg-int,or-int/2addr,float-to-long,class
0,10,522,23,1735,762,248,7694,24372,920,37,686,110,252,1019,93,122,1049,185,1493,4069,482,521,296,12,4271,54,3010,29,854,1716,379,12,68,13295,27,168,6724,25510,16117,130,14403,1313,138,35738,11,45,190,14,3802,8880,445,368,246,170,9,93,19765,2852,119,949,48,455,20,77,35,236,18,34971,1901,309,18,54,34,533,5372,1854,5,194,12,4259,1789,167,105,73,42,12,7542,482,22441,321,56,421,1621,402,139,3691,96,4356,50,18,355,5253,36,16,1,128,92,1737,199,117,872,6,6769,34,122,26773,67,35471,34,175,449,10,32,11562,42,84,27,380,73,365,267,4,2160,55054,9,19,5,3724,19251,40,1210,55,7,1218,33671,71,1229,3153,20,8,734,11,73,1768,4,1443,1142,23,83,1421,1609,11356,1195,49,3,3077,23,8,24,65,4446,4973,116,71,3806,114,18,296,7,40,19,84794,518,1642,317,248,6,148,174,19641,267,39,31,387,415,6,2746,57,315,49304,32,42,7,368,638,251,186,490,13,0
