,android.permission.INTERNET,android.permission.ACCESS_NETWORK_STATE,android.permission.ACCESS_WIFI_STATE,android.permission.ACCESS_FINE_LOCATION,android.permission.CAMERA,android.permission.WRITE_EXTERNAL_STORAGE,android.permission.BLUETOOTH,android.permission.BLUETOOTH_ADMIN,android.permission.WAKE_LOCK,com.google.android.finsky.permission.BIND_GET_INSTALL_REFERRER_SERVICE,class
0,1,1,1,1,1,1,1,1,1,1,0
