,java.lang.reflect.Proxy,android.app.Activity,java.util.zip.ZipFile,java.lang.reflect.Field.getInt,java.lang.Throwable,android.content.res.Resources.updateConfiguration,android.content.Intent,android.content.Context,java.io.BufferedReader,android.util.Log.e,android.util.Log.i,android.widget.LinearLayout,java.lang.IllegalAccessException,java.util.Collections,android.app.Application,android.os.Process,java.lang.reflect.Array,android.app.Application.onCreate,android.os.Handler,android.content.res.Resources.getConfiguration,java.lang.reflect.Field.getType,android.os.Bundle,java.lang.String.trim,android.os.Debug,java.lang.String.toLowerCase,java.lang.Thread,java.lang.String.substring,java.lang.System.arraycopy,java.lang.reflect.Method,android.app.Activity.getPackageName,android.app.Activity.onCreate,java.lang.String.endsWith,android.content.res.AssetManager,java.util.Arrays,java.lang.ClassLoader.getSystemClassLoader,java.lang.String.contains,java.lang.String.indexOf,java.lang.reflect.Method.isAccessible,android.content.SharedPreferences.getInt,java.lang.reflect.Method.getParameterTypes,android.app.Activity.finish,android.app.Activity.getApplication,android.widget.Button.setText,java.io.Closeable,java.lang.Object.hashCode,java.lang.InstantiationException,android.content.Intent.setClassName,android.widget.LinearLayout.setOrientation,java.lang.reflect.Method.getName,java.net.UnknownHostException,java.lang.reflect.Field.setAccessible,java.lang.reflect.Field.setInt,android.content.Context.getApplicationContext,java.io.File,java.lang.String,java.lang.Thread.setContextClassLoader,java.util.Arrays.asList,android.content.Context.getResources,java.lang.AutoCloseable,android.app.Application.getBaseContext,java.lang.ClassLoader,java.lang.reflect.Field.getModifiers,java.lang.reflect.Member.getModifiers,java.lang.reflect.Method.getReturnType,java.lang.StringBuilder,java.lang.ClassNotFoundException,java.lang.Object.equals,java.lang.Throwable.getMessage,java.lang.reflect.Member,android.content.Context.registerReceiver,java.lang.System.loadLibrary,java.lang.System,android.app.Activity.startActivity,java.lang.Object,java.lang.reflect.AccessibleObject.isAccessible,android.content.Context.getApplicationInfo,java.lang.Exception.getStackTrace,android.util.Log,java.lang.reflect.Field.set,java.lang.String.equals,android.os.Looper,java.lang.Integer,android.app.Activity.getSharedPreferences,java.lang.Exception,android.content.res.Resources,java.lang.reflect.Modifier,java.io.BufferedReader.readLine,java.lang.StringBuilder.append,java.lang.reflect.AccessibleObject,java.lang.reflect.Field,java.lang.reflect.Field.isAccessible,java.lang.Object.toString,android.app.Application.attachBaseContext,android.widget.Button,java.net.InetAddress,android.os.Process.myPid,java.lang.String.lastIndexOf,java.lang.reflect.Method.invoke,java.lang.StackTraceElement,android.app.Application.getProcessName,android.content.SharedPreferences,java.lang.String.startsWith,class
0,1,9,1,2,4,1,2,10,4,12,6,3,2,2,6,4,2,1,2,1,1,1,1,1,2,2,7,3,23,1,1,3,1,4,3,3,1,2,1,3,2,1,2,1,1,2,1,1,2,1,18,1,1,2,29,1,3,1,1,1,8,2,1,1,61,8,3,1,2,1,1,5,1,20,1,5,1,21,16,5,2,2,2,4,3,2,2,48,2,61,2,1,1,4,1,3,1,11,1,1,2,4,1
