,android.permission.INTERNET,android.permission.SYSTEM_ALERT_WINDOW,android.permission.READ_EXTERNAL_STORAGE,android.permission.WRITE_EXTERNAL_STORAGE,android.permission.DOWNLOAD_WITHOUT_NOTIFICATION,android.permission.ACCESS_NETWORK_STATE,android.permission.ACCESS_WIFI_STATE,android.permission.USE_BIOMETRIC,android.permission.USE_FINGERPRINT,android.permission.WAKE_LOCK,com.google.android.c2dm.permission.RECEIVE,android.permission.RECEIVE_BOOT_COMPLETED,android.permission.FOREGROUND_SERVICE,com.google.android.finsky.permission.BIND_GET_INSTALL_REFERRER_SERVICE,class
0,1,1,1,1,1,1,1,1,1,1,1,1,1,1,0
