,android.permission.INTERNET,android.permission.ACCESS_NETWORK_STATE,android.permission.WAKE_LOCK,android.permission.RECEIVE_BOOT_COMPLETED,com.android.vending.BILLING,com.google.android.finsky.permission.BIND_GET_INSTALL_REFERRER_SERVICE,com.google.android.gms.permission.AD_ID,class
0,1,1,1,1,1,1,1,0
