,rem-float/2addr,long-to-int,rem-int/2addr,array-length,div-int/lit8,sub-float/2addr,move,if-eqz,and-int/lit8,and-int,int-to-long,move-wide/from16,invoke-interface/range,mul-int/lit8,int-to-short,sparse-switch,return-wide,xor-int/lit8,const,sput-object,if-le,add-long/2addr,float-to-double,iget-byte,iget-boolean,mul-float,iput-byte,if-lt,invoke-direct/range,sub-long/2addr,neg-float,return,rem-int/lit8,sub-long,iput,const-string,iput-object,float-to-int,fill-array-data,aput,ushr-int/lit8,aget-boolean,div-long/2addr,sput,nop,or-int,new-array,sget-object,sput-byte,if-gt,fill-array-data-payload,const-wide/32,rsub-int,and-long/2addr,return-object,if-ge,aput-byte,xor-int,if-gez,long-to-double,invoke-super/range,aput-wide,const/4,instance-of,shl-long,double-to-long,iput-char,and-int/lit16,aput-object,iput-wide,move-wide,int-to-float,div-int,add-int/lit8,invoke-super,sub-double,sub-double/2addr,rsub-int/lit8,and-long,const/16,cmpl-float,goto,mul-double,or-long/2addr,add-double/2addr,and-int/2addr,int-to-double,iput-boolean,add-long,if-eq,move-exception,cmp-long,throw,div-double,ushr-int/2addr,sget-char,div-double/2addr,goto/16,sget-wide,sput-boolean,invoke-static/range,xor-long,move-object,sput-wide,sparse-switch-payload,return-void,ushr-long,packed-switch,invoke-static,long-to-float,double-to-float,aget-byte,div-int/lit16,add-float,iget,shl-int/2addr,sub-float,add-int/lit16,add-float/2addr,shl-long/2addr,aget-wide,packed-switch-payload,rem-int,move/from16,move-result-object,shr-long/2addr,or-long,move-result-wide,invoke-interface,aget,add-int/2addr,iget-short,rem-long/2addr,if-lez,invoke-direct,aget-char,sub-int/2addr,const/high16,iget-wide,mul-long,rem-long,if-ltz,iput-short,or-int/lit8,sget,aput-short,if-gtz,const-wide/high16,iget-char,div-int/2addr,const-class,aget-object,check-cast,aput-boolean,aput-char,sget-byte,const-wide/16,shr-int/2addr,ushr-int,div-long,cmpl-double,move-object/from16,if-ne,cmpg-double,xor-long/2addr,monitor-enter,add-double,mul-int/lit16,sget-boolean,neg-long,neg-double,invoke-virtual,xor-int/2addr,invoke-virtual/range,div-float/2addr,rem-double/2addr,int-to-byte,shr-int/lit8,double-to-int,new-instance,move-result,mul-int,shl-int,sub-int,cmpg-float,rem-int/lit16,ushr-long/2addr,monitor-exit,div-float,shl-int/lit8,iget-object,int-to-char,or-int/lit16,aget-short,if-nez,const-wide,add-int,neg-int,or-int/2addr,float-to-long,class
0,23,209,40,3156,259,649,3372,22839,1128,56,420,180,77,306,59,44,1150,188,952,2163,531,252,696,12,3013,1279,5,1796,661,112,172,13053,19,53,10573,20351,11369,661,491,1713,42,235,20,141,185,16,2916,6924,1,428,491,85,6,165,18676,3807,98,21,1004,25,44,254,37927,2190,9,9,35,261,2775,519,348,1927,26,5836,2149,112,245,11,10,5872,852,21910,790,33,368,499,148,3133,23,3871,1540,517,4028,89,9,11,196,1751,67,118,706,23,7121,26,44,22177,32,171,41608,22,376,247,8,92,16365,10,281,19,992,26,867,171,14,1302,44536,36,7,3146,15093,1867,2458,11,25,1531,27190,224,1889,2102,879,37,8,1145,8,48,4819,17,356,365,43,73,773,1928,14110,55,32,1,859,7,1,20,148,1544,4939,157,49,360,88,7,244,24,34,70642,198,1426,709,18,132,112,74,15545,37271,204,20,454,348,7,8,843,169,157,41309,21,15,204,10604,439,273,290,450,10,1
