,android.permission.ACCESS_NETWORK_STATE,android.permission.WRITE_EXTERNAL_STORAGE,android.permission.READ_EXTERNAL_STORAGE,android.permission.MANAGE_EXTERNAL_STORAGE,android.permission.INTERNET,android.permission.WAKE_LOCK,com.google.android.gms.permission.AD_ID,android.permission.FOREGROUND_SERVICE,com.google.android.finsky.permission.BIND_GET_INSTALL_REFERRER_SERVICE,android.permission.POST_NOTIFICATIONS,com.google.android.c2dm.permission.RECEIVE,com.android.vending.BILLING,com.applovin.array.apphub.permission.BIND_APPHUB_SERVICE,android.permission.ACCESS_WIFI_STATE,com.restorefiles.datarecovery.phonememory.filerecovery.DYNAMIC_RECEIVER_NOT_EXPORTED_PERMISSION,android.permission.READ_PHONE_STATE,class
0,1,1,1,1,1,1,1,1,1,1,1,1,1,1,1,1,1
