,rem-float/2addr,rem-double,long-to-int,rem-int/2addr,array-length,div-int/lit8,sub-float/2addr,move,if-eqz,and-int/lit8,and-int,int-to-long,filled-new-array,invoke-interface/range,mul-int/lit8,int-to-short,sparse-switch,return-wide,xor-int/lit8,const,sput-object,if-le,add-long/2addr,float-to-double,iget-byte,iget-boolean,mul-float,iput-byte,if-lt,invoke-direct/range,sub-long/2addr,neg-float,return,rem-int/lit8,const/high16,iput,const-string,iput-object,float-to-int,fill-array-data,aput,ushr-int/lit8,aget-boolean,div-long/2addr,sput,nop,or-int,new-array,sget-object,if-gt,fill-array-data-payload,const-wide/32,rsub-int,and-long/2addr,return-object,if-ge,aput-byte,move-wide/from16,xor-int,if-gez,filled-new-array/range,long-to-double,invoke-super/range,aput-wide,or-int/lit16,const/4,instance-of,shl-long,double-to-long,iput-char,and-int/lit16,aput-object,iput-wide,move-wide,int-to-float,div-int,add-int/lit8,invoke-super,sub-double,sub-double/2addr,rsub-int/lit8,and-long,const/16,cmpl-float,goto,mul-double,or-long/2addr,add-double/2addr,and-int/2addr,int-to-double,iput-boolean,add-long,if-eq,not-int,shr-long,cmp-long,throw,div-double,ushr-int/2addr,div-double/2addr,goto/16,rem-float,sget-wide,sput-boolean,invoke-static/range,xor-long,move-object,sput-wide,sparse-switch-payload,return-void,ushr-long,packed-switch,invoke-static,long-to-float,double-to-float,aget-byte,div-int/lit16,add-float,iget,shl-int/2addr,sub-float,add-int/lit16,add-float/2addr,shl-long/2addr,aget-wide,packed-switch-payload,rem-int,move/from16,move-result-object,shr-long/2addr,or-long,not-long,move-result-wide,invoke-interface,aget,add-int/2addr,iget-short,rem-long/2addr,if-lez,invoke-direct,aget-char,sub-int/2addr,sub-long,iget-wide,mul-long,rem-long,if-ltz,iput-short,or-int/lit8,sget,aput-short,if-gtz,const-wide/high16,iget-char,div-int/2addr,const-class,aget-object,check-cast,aput-boolean,aput-char,const-wide/16,shr-int/2addr,div-long,cmpl-double,move-object/from16,if-ne,shr-int/lit8,xor-long/2addr,monitor-enter,sub-int,add-double,mul-int/lit16,sget-boolean,shr-int,neg-long,neg-double,invoke-virtual,xor-int/2addr,invoke-virtual/range,div-float/2addr,rem-double/2addr,int-to-byte,double-to-int,new-instance,move-result,mul-int,shl-int,move-exception,cmpg-float,rem-int/lit16,ushr-long/2addr,monitor-exit,div-float,shl-int/lit8,iget-object,int-to-char,cmpg-double,aget-short,if-nez,const-wide,add-int,neg-int,or-int/2addr,float-to-long,class
0,20,1,158,18,1553,233,380,3061,22771,509,94,507,86,164,416,18,73,723,125,976,4146,533,184,410,2,3734,824,1,2063,1042,128,97,12508,21,1535,8669,20525,14318,538,759,1505,90,56,23,115,306,32,3713,8776,436,759,100,6,59,18139,3268,52,282,6,507,15,38,27,299,30,37630,1912,10,26,35,305,4071,926,285,1426,15,4663,1807,144,157,8,16,7789,623,19678,783,29,193,437,161,3845,45,4182,39,8,540,5854,44,4,141,2251,1,31,181,529,3,5476,21,73,28081,35,284,32733,42,189,221,12,53,13651,48,174,13,614,42,539,284,9,2434,48500,11,5,6,2539,18011,1641,2207,8,5,1328,32944,38,1511,50,1298,27,3,829,6,95,3548,2,327,210,27,74,1458,1828,10768,46,44,1043,9,6,122,2778,4549,87,42,1411,416,129,9,377,3,10,39,81417,202,1428,456,18,67,186,18963,34496,219,57,4090,255,5,4,3192,96,285,47386,39,124,1,11113,207,302,223,434,7,1
