,rem-float/2addr,long-to-int,rem-int/2addr,array-length,div-int/lit8,sub-float/2addr,move,if-eqz,and-int/lit8,and-int,int-to-long,move-wide/from16,invoke-interface/range,mul-int/lit8,xor-long,sparse-switch,return-wide,xor-int/lit8,const,sput-object,if-le,add-long/2addr,float-to-double,iget-byte,shr-int,iget-boolean,mul-float,iput-byte,if-lt,invoke-direct/range,sub-long/2addr,neg-float,return,rem-int/lit8,sub-long,iput,const-string,iput-object,float-to-int,if-nez,aput,ushr-int/lit8,aget-boolean,div-long/2addr,sput,nop,or-int,new-array,sget-object,if-gt,fill-array-data-payload,const-wide/32,rsub-int,and-long/2addr,return-object,if-ge,aput-byte,if-gez,long-to-double,invoke-super/range,aput-wide,or-int/lit16,const/4,instance-of,shl-long,double-to-long,iput-char,and-int/lit16,aput-object,iput-wide,move-wide,const-wide/high16,div-int,add-int/lit8,invoke-super,sub-double,sub-double/2addr,rsub-int/lit8,and-long,const/16,cmpl-float,goto,mul-double,or-long/2addr,add-double/2addr,and-int/2addr,int-to-double,iput-boolean,add-long,if-eq,shr-long,cmp-long,throw,div-double,ushr-int/2addr,sget-char,div-double/2addr,goto/16,rem-float,sget-wide,add-float/2addr,invoke-static/range,move-object,sput-wide,sparse-switch-payload,return-void,const-string/jumbo,ushr-long,packed-switch,invoke-static,long-to-float,double-to-float,aget-byte,div-int/lit16,add-float,iget,shl-int/2addr,sub-float,add-int/lit16,sput-boolean,shl-long/2addr,aget-wide,packed-switch-payload,rem-int,move/from16,move-result-object,shr-long/2addr,or-long,move-result-wide,invoke-interface,aget,add-int/2addr,rem-long/2addr,int-to-short,if-lez,invoke-direct,aget-char,sub-int/2addr,const/high16,iget-wide,mul-long,rem-long,if-ltz,iput-short,or-int/lit8,sget,aput-short,if-gtz,int-to-float,iget-char,div-int/2addr,const-class,aget-object,check-cast,aput-boolean,aput-char,sget-byte,const-wide/16,shr-int/2addr,ushr-int,div-long,cmpl-double,move-object/from16,if-ne,shr-int/lit8,xor-long/2addr,move-exception,sub-int,add-double,mul-int/lit16,sget-boolean,monitor-enter,neg-long,neg-double,invoke-virtual,xor-int/2addr,invoke-virtual/range,div-float/2addr,rem-double/2addr,int-to-byte,xor-int/lit16,double-to-int,new-instance,move-result,mul-int,shl-int,or-int/2addr,cmpg-float,rem-int/lit16,ushr-long/2addr,monitor-exit,div-float,shl-int/lit8,iget-object,int-to-char,cmpg-double,aget-short,fill-array-data,const-wide,add-int,neg-int,xor-int,float-to-long,class
0,10,158,40,1984,173,265,2808,23838,618,36,327,145,83,376,3,24,522,169,1548,6431,787,151,213,2,11,3298,676,2,2150,829,79,79,13798,27,34,8848,28767,18440,436,10652,1149,93,19,29,128,263,15,5915,17796,629,333,136,9,103,19972,3073,189,945,21,106,57,26,40447,4058,24,10,97,261,9228,577,166,168,21,5942,2374,38,73,27,27,15400,494,22553,308,43,115,419,91,3204,18,6134,17,405,6186,19,20,17,87,1750,1,19,413,557,6795,9,24,26535,1330,33,319,32784,22,160,201,8,48,12905,29,89,41,166,24,83,319,9,1656,58261,23,9,1925,13219,1206,2213,13,64,1361,34488,329,1819,1364,785,48,9,1252,2,143,2772,29,266,1040,121,42,831,2944,12820,25,107,42,783,28,6,20,151,2741,6639,214,36,4737,451,29,16,251,759,20,34,95507,236,1785,349,3,192,1,66,23692,31020,205,45,369,176,1,6,1796,43,231,48007,168,109,53,333,264,301,213,13,5,0
