,android.permission.INTERNET,android.permission.WRITE_EXTERNAL_STORAGE,android.permission.READ_EXTERNAL_STORAGE,android.permission.VIBRATE,class
0,1,1,1,1,1
