,android.permission.INTERNET,com.android.vending.BILLING,com.google.android.gms.permission.AD_ID,android.permission.ACCESS_NETWORK_STATE,android.permission.WAKE_LOCK,android.permission.RECORD_AUDIO,android.permission.READ_EXTERNAL_STORAGE,android.permission.CAMERA,com.google.android.finsky.permission.BIND_GET_INSTALL_REFERRER_SERVICE,android.permission.RECEIVE_BOOT_COMPLETED,android.permission.FOREGROUND_SERVICE,no.codecraft.frndshpbrlt_designer.DYNAMIC_RECEIVER_NOT_EXPORTED_PERMISSION,class
0,1,1,1,1,1,1,1,1,1,1,1,1,0
