,android.permission.MICROPHONE,android.permission.POST_NOTIFICATIONS, android.permission.USE_BIOMETRIC,android.permission.USE_FINGERPRINT,android.permission.CAMERA,com.google.android.c2dm.permission.RECEIVE,com.bt.inx.permission.C2D_MESSAGE,android.permission.WAKE_LOCK,android.permission.VIBRATE,android.permission.INTERNET,android.permission.GET_ACCOUNTS,android.permission.USE_CREDENTIALS,android.permission.ACCESS_NETWORK_STATE,android.permission.ACCESS_GPS,android.permission.ACCESS_LOCATION,android.permission.ACCESS_ASSISTED_GPS,android.permission.ACCESS_WIFI_STATE,android.permission.WRITE_EXTERNAL_STORAGE,android.permission.ACCESS_COARSE_LOCATION,android.permission.ACCESS_FINE_LOCATION,android.permission.ACCESS_MOCK_LOCATION,android.permission.RECEIVE_BOOT_COMPLETED,com.sec.android.provider.badge.permission.READ,com.sec.android.provider.badge.permission.WRITE,com.htc.launcher.permission.READ_SETTINGS,com.htc.launcher.permission.UPDATE_SHORTCUT,com.sonyericsson.home.permission.BROADCAST_BADGE,com.sonymobile.home.permission.PROVIDER_INSERT_BADGE,com.anddoes.launcher.permission.UPDATE_COUNT,com.majeur.launcher.permission.UPDATE_BADGE,com.huawei.android.launcher.permission.CHANGE_BADGE,com.huawei.android.launcher.permission.READ_SETTINGS,com.huawei.android.launcher.permission.WRITE_SETTINGS,android.permission.READ_APP_BADGE,com.oppo.launcher.permission.READ_SETTINGS,com.oppo.launcher.permission.WRITE_SETTINGS,me.everything.badger.permission.BADGE_COUNT_READ,me.everything.badger.permission.BADGE_COUNT_WRITE,com.bt.inx.permission.MAPS_RECEIVE,android.permission.FLASHLIGHT,android.permission.CHANGE_WIFI_STATE,android.permission.READ_EXTERNAL_STORAGE,com.google.android.providers.gsf.permission.READ_GSERVICES,android.permission.USE_BIOMETRIC,com.google.android.finsky.permission.BIND_GET_INSTALL_REFERRER_SERVICE,android.permission.FOREGROUND_SERVICE,android.permission.READ_PHONE_STATE,class
0,1,1,1,1,1,1,1,1,1,1,1,1,1,1,1,1,1,1,1,1,1,1,1,1,1,1,1,1,1,1,1,1,1,1,1,1,1,1,1,1,1,1,1,1,1,1,1,0
