,rem-float/2addr,mul-float/2addr,rem-int/2addr,array-length,div-int/lit8,sub-float/2addr,move,if-eqz,and-int/lit8,and-int,int-to-long,filled-new-array,invoke-interface/range,mul-int/lit8,int-to-short,sparse-switch,return-wide,xor-int/lit8,const,sput-object,if-le,add-long/2addr,sget-boolean,iget-byte,shr-int,iget-boolean,mul-float,iput-byte,if-lt,invoke-direct/range,sub-long/2addr,neg-float,return,neg-double,const/high16,iput,const-string,iput-object,float-to-int,if-nez,aput,ushr-int/lit8,aget-boolean,div-long/2addr,sput,nop,or-int,new-array,sget-object,sput-byte,if-gt,fill-array-data-payload,double-to-long,mul-long/2addr,rsub-int,sub-double/2addr,return-object,if-ge,aput-byte,move-wide/from16,xor-int,if-gez,filled-new-array/range,long-to-double,invoke-super/range,aput-wide,const/4,instance-of,if-gtz,shl-long,const-wide/32,iput-char,and-int/lit16,aput-object,iput-wide,move-wide,int-to-float,div-int,add-int/lit8,invoke-super,sub-double,and-long/2addr,rsub-int/lit8,and-long,const/16,cmpl-float,goto,mul-double,cmpg-double,mul-int/2addr,cmp-long,and-int/2addr,iput-boolean,add-long,if-eq,not-int,shr-long,long-to-int,throw,div-double,ushr-int/2addr,div-double/2addr,const-wide/16,div-int/2addr,add-float/2addr,invoke-static/range,xor-long,or-long/2addr,move-object,sput-wide,add-double/2addr,sparse-switch-payload,return-void,float-to-double,ushr-long,packed-switch,invoke-static,long-to-float,double-to-float,aget-byte,div-int/lit16,add-float,iget,shl-int/2addr,sub-float,add-int/lit16,sput-boolean,shl-long/2addr,aget-wide,packed-switch-payload,rem-int,move/from16,move-result-object,shr-long/2addr,or-long,not-long,move-result-wide,invoke-interface,aget,add-int/2addr,iget-short,rem-long/2addr,if-lez,invoke-direct,aget-char,sub-long,iget-wide,mul-long,rem-long,if-ltz,iput-short,or-int/lit8,sget,aput-short,sub-int/2addr,const-wide/high16,iget-char,sget-wide,const-class,aget-object,check-cast,aput-boolean,aput-char,sget-byte,goto/16,shr-int/2addr,ushr-int,div-long,cmpl-double,move-object/from16,if-ne,shr-int/lit8,xor-long/2addr,sub-int,add-double,mul-int/lit16,int-to-double,monitor-enter,neg-long,rem-int/lit8,invoke-virtual,xor-int/2addr,invoke-virtual/range,div-float/2addr,mul-double/2addr,rem-double/2addr,int-to-byte,xor-int/lit16,double-to-int,new-instance,move-result,mul-int,shl-int,move-exception,cmpg-float,rem-int/lit16,ushr-long/2addr,monitor-exit,div-float,shl-int/lit8,iget-object,int-to-char,or-int/lit16,aget-short,fill-array-data,const-wide,add-int,neg-int,or-int/2addr,float-to-long,class
0,6,335,35,2095,225,85,8026,26646,818,265,1438,134,379,913,49,107,1374,246,1571,4923,573,707,460,14,9,3966,32,19,1814,1820,420,39,14801,4,906,6285,28960,17538,147,13824,1116,209,83,104,60,229,53,4872,10397,2,585,474,48,288,12,20,22145,3661,428,1002,5,558,28,75,15,218,38761,2340,283,50,340,37,645,5546,1934,945,481,22,6213,1313,23,214,59,108,9735,266,23343,63,32,512,2129,728,3222,205,5004,52,71,516,6338,13,20,72,2141,93,170,892,22,127,8184,65,56,107,28542,145,110,353,42894,37,101,901,13,15,11289,117,25,35,125,156,619,353,7,3496,66928,47,34,14,4935,23086,1300,3153,3,8,1154,39175,28,194,3412,99,12,889,5,154,2045,10,1333,194,28,56,1925,1716,13276,55,55,2,3762,32,5,31,58,5080,5376,176,171,323,20,24,93,1270,25,35,92736,601,1808,216,111,6,316,9,57,23167,38932,43,120,4182,63,3,21,2926,35,577,53605,86,69,23,474,746,343,102,697,19,0
