,rem-float/2addr,rem-double,mul-float/2addr,rem-int/2addr,array-length,div-int/lit8,sub-float/2addr,move,if-eqz,and-int/lit8,and-int,int-to-long,filled-new-array,invoke-interface/range,mul-int/lit8,int-to-short,sparse-switch,return-wide,xor-int/lit8,const,sput-object,if-le,add-long/2addr,float-to-double,iget-byte,iget-boolean,mul-float,add-int/2addr,iput-byte,if-lt,invoke-direct/range,sub-long/2addr,neg-float,return,rem-int/lit8,const/high16,iput,const-string,iput-object,cmpg-float,if-nez,aput,ushr-int/lit8,move-result,div-long/2addr,sput,nop,or-int,new-array,sget-object,sput-byte,if-gt,fill-array-data-payload,const-wide/32,mul-long/2addr,rsub-int,sub-double/2addr,return-object,long-to-int,if-ge,aput-byte,move-wide/from16,if-gez,filled-new-array/range,long-to-double,invoke-super/range,aput-wide,or-int/lit16,const/4,instance-of,shl-long,double-to-long,iput-char,and-int/lit16,aput-object,iput-wide,move-wide,const-wide/high16,div-int,add-int/lit8,invoke-super,sub-double,and-long/2addr,rsub-int/lit8,and-long,const/16,cmpl-float,goto,mul-double,or-long/2addr,mul-int/2addr,cmp-long,and-int/2addr,int-to-double,iput-boolean,add-long,if-eq,not-int,shr-long,add-double/2addr,throw,div-double,ushr-int/2addr,div-double/2addr,const-wide/16,rem-float,sget-wide,sput-boolean,invoke-static/range,xor-long,move-object,sput-wide,sparse-switch-payload,return-void,ushr-long,invoke-static,long-to-float,double-to-float,aget-byte,div-int/lit16,add-float,iget,shl-int/2addr,sub-float,add-int/lit16,add-float/2addr,shl-long/2addr,aget-wide,packed-switch-payload,rem-int,move/from16,move-result-object,shr-long/2addr,or-long,not-long,move-result-wide,invoke-interface,aget,monitor-enter,aget-boolean,iget-short,if-lez,invoke-direct,aget-char,sub-int/2addr,sub-long,iget-wide,mul-long,rem-long,if-ltz,iput-short,or-int/lit8,sget,aput-short,if-gtz,int-to-float,iget-char,div-int/2addr,const-class,aget-object,check-cast,aput-boolean,aput-char,sget-byte,goto/16,shr-int/2addr,ushr-int,div-long,cmpl-double,move-object/from16,if-ne,shr-int/lit8,xor-long/2addr,move-exception,sub-int,add-double,mul-int/lit16,sget-boolean,neg-long,neg-double,invoke-virtual,xor-int/2addr,invoke-virtual/range,div-float/2addr,mul-double/2addr,rem-double/2addr,int-to-byte,double-to-int,new-instance,packed-switch,mul-int,shl-int,or-int/2addr,float-to-int,rem-int/lit16,ushr-long/2addr,monitor-exit,div-float,shl-int/lit8,iget-object,int-to-char,cmpg-double,aget-short,fill-array-data,const-wide,add-int,neg-int,xor-int,float-to-long,class
0,28,1,1346,22,1544,259,634,7547,23438,604,154,573,118,150,459,12,52,627,137,1162,4787,525,165,731,41,3619,158,2507,38,2211,1101,103,137,13559,19,1878,10084,22174,14918,311,11328,1904,99,36525,23,102,225,40,4190,8995,1,421,912,108,29,6,198,19462,185,3343,89,311,576,50,22,38,221,47,35418,2157,11,13,39,347,5116,810,352,246,13,5250,1758,96,105,15,15,8886,753,20318,131,39,280,682,513,120,3730,47,5184,47,16,236,4870,42,6,146,1078,1,27,149,654,5,6023,15,52,28182,50,33953,36,439,174,11,105,15397,63,243,23,1039,59,445,322,8,2728,50546,18,5,8,3011,15058,1738,709,64,12,1354,32683,49,1631,52,1187,2,4,917,8,133,4343,2,315,1591,31,70,1355,1974,11456,51,35,1,2939,8,1,8,145,3296,4769,120,64,3119,402,53,7,313,11,28,89325,338,2084,738,439,20,102,81,18810,322,19,74,531,642,4,13,1631,170,397,50912,45,148,3,912,295,304,263,6,12,1
