,rem-float/2addr,mul-float/2addr,rem-int/2addr,array-length,div-int/lit8,sub-float/2addr,move,if-eqz,and-int/lit8,and-int,int-to-long,filled-new-array,invoke-interface/range,mul-int/lit8,int-to-short,sparse-switch,return-wide,xor-int/lit8,const,sput-object,if-le,add-long/2addr,float-to-double,iget-byte,iget-boolean,mul-float,iput-byte,if-lt,invoke-direct/range,sub-long/2addr,neg-float,return,neg-double,sub-long,iput,const-string,iput-object,cmpg-float,if-nez,aput,ushr-int/lit8,move-result,div-long/2addr,sput,nop,or-int,new-array,sget-object,if-gt,fill-array-data-payload,const-wide/32,mul-long/2addr,rsub-int,sub-double/2addr,return-object,if-ge,add-double/2addr,move-wide/from16,xor-int,if-gez,filled-new-array/range,long-to-double,invoke-super/range,aput-wide,const/4,instance-of,shl-long,double-to-long,iput-char,and-int/lit16,aput-object,iput-wide,move-wide,int-to-float,div-int,add-int/lit8,invoke-super,sub-double,and-long/2addr,rsub-int/lit8,const/16,cmpl-float,goto,and-long,or-long/2addr,mul-int/2addr,cmp-long,and-int/2addr,int-to-double,iput-boolean,add-long,if-eq,not-int,shr-long,long-to-int,throw,div-double,ushr-int/2addr,div-double/2addr,const-wide/16,div-int/2addr,add-float/2addr,invoke-static/range,xor-long,move-object,sput-wide,sparse-switch-payload,return-void,ushr-long,invoke-static,long-to-float,double-to-float,aget-byte,div-int/lit16,add-float,iget,shl-int/2addr,sub-float,add-int/lit16,sput-boolean,shl-long/2addr,aget-wide,cmpg-double,packed-switch-payload,rem-int,move/from16,move-result-object,shr-long/2addr,or-long,not-long,move-result-wide,invoke-interface,aput-boolean,monitor-enter,aget-boolean,rem-long/2addr,if-lez,invoke-direct,aget-char,sub-int/2addr,const/high16,iget-wide,mul-long,rem-long,if-ltz,or-int/lit8,sget,aput-short,if-gtz,const-wide/high16,iget-char,aput-byte,sget-wide,const-class,aget-object,check-cast,aget,aput-char,goto/16,shr-int/2addr,mul-double,ushr-int,div-long,cmpl-double,move-object/from16,if-ne,shr-int/lit8,xor-long/2addr,add-int/2addr,sub-int,add-double,mul-int/lit16,sget-boolean,shr-int,neg-long,rem-int/lit8,invoke-virtual,xor-int/2addr,invoke-virtual/range,div-float/2addr,mul-double/2addr,rem-double/2addr,int-to-byte,xor-int/lit16,double-to-int,new-instance,packed-switch,mul-int,shl-int,move-exception,float-to-int,rem-int/lit16,ushr-long/2addr,monitor-exit,div-float,shl-int/lit8,iget-object,int-to-char,or-int/lit16,aget-short,fill-array-data,const-wide,add-int,neg-int,or-int/2addr,float-to-long,class
0,5,899,39,1998,273,431,10791,39125,1002,2562,1463,210,486,750,54,97,1088,164,2544,5045,741,808,356,26,5369,80,26,1360,1891,606,73,13092,6,233,12755,43281,26598,252,17823,1328,269,46669,204,325,407,950,4613,14816,648,626,430,330,18,48,19070,4043,75,886,3145,787,48,72,35,229,47154,2643,30,33,28,686,5937,2553,870,1878,34,6233,1773,27,214,62,12944,672,32831,67,139,383,2179,2388,182,4974,185,6596,1640,61,519,6969,17,9,117,2640,178,584,1269,9,11387,67,97,35584,101,58902,59,301,1016,22,75,18664,173,158,66,225,177,616,74,828,13,6286,75844,34,27,10,5293,21527,60,2349,84,18,1938,42157,45,1770,1878,3509,77,24,1043,227,1512,12,644,257,30,524,70,2144,2017,21539,1740,51,5089,106,66,8,43,103,8911,6732,239,128,3456,490,30,53,462,10,14,33,121730,2598,2681,651,188,2,506,8,150,30491,828,118,85,6890,774,3,13,5463,83,531,85221,143,98,18,626,608,414,234,1122,23,1
