,rem-float/2addr,mul-float/2addr,rem-int/2addr,array-length,div-int/lit8,sub-float/2addr,move,if-eqz,and-int/lit8,and-int,move-result,filled-new-array,invoke-interface/range,mul-int/lit8,int-to-short,sparse-switch,return-wide,xor-int/lit8,const,sput-object,if-le,add-long/2addr,float-to-double,iget-byte,iget-boolean,mul-float,add-int/2addr,iput-byte,if-lt,invoke-direct/range,sub-long/2addr,neg-float,return,rem-int/lit8,const/high16,iput,const-string,iput-object,float-to-int,if-nez,aput,ushr-int/lit8,aget-boolean,iget-short,sput,nop,or-int,new-array,int-to-long,sget-object,sput-byte,if-gt,fill-array-data-payload,const-wide/32,long-to-int,rsub-int,and-long/2addr,return-object,if-ge,aput-byte,move-wide/from16,sput-char,if-gez,filled-new-array/range,long-to-double,invoke-super/range,aput-wide,or-int/lit16,const/4,instance-of,shl-long,double-to-long,iput-char,and-int/lit16,aput-object,iput-wide,move-wide,int-to-float,div-int,add-int/lit8,invoke-super,sub-double,sub-double/2addr,rsub-int/lit8,and-long,const/16,cmpl-float,goto,mul-double,or-long/2addr,mul-int/2addr,add-double/2addr,and-int/2addr,int-to-double,iput-boolean,add-long,if-eq,not-int,shr-long,cmp-long,throw,div-double,ushr-int/2addr,sget-char,div-double/2addr,div-long/2addr,goto/16,sget-wide,sput-boolean,invoke-static/range,xor-long,move-object,sput-wide,sparse-switch-payload,return-void,ushr-long,invoke-static,long-to-float,double-to-float,aget-byte,div-int/lit16,add-float,iget,shl-int/2addr,sub-float,add-int/lit16,add-float/2addr,shl-long/2addr,aget-wide,packed-switch-payload,rem-int,move/from16,mul-long/2addr,move-result-object,shr-long/2addr,or-long,not-long,move-result-wide,invoke-interface,aget,monitor-enter,rem-long/2addr,if-lez,invoke-direct,aget-char,sub-int/2addr,sub-long,iget-wide,mul-long,rem-long,if-ltz,iput-short,or-int/lit8,sget,aput-short,if-gtz,const-wide/high16,iget-char,div-int/2addr,const-class,aget-object,check-cast,aput-boolean,aput-char,sget-byte,const-wide/16,shr-int/2addr,ushr-int,div-long,cmpl-double,move-object/from16,if-ne,shr-int/lit8,xor-long/2addr,move-exception,sub-int,add-double,mul-int/lit16,sget-boolean,shr-int,neg-long,neg-double,invoke-virtual,xor-int/2addr,invoke-virtual/range,div-float/2addr,mul-double/2addr,rem-double/2addr,int-to-byte,xor-int/lit16,double-to-int,new-instance,packed-switch,mul-int,shl-int,or-int/2addr,cmpg-float,rem-int/lit16,ushr-long/2addr,monitor-exit,div-float,shl-int/lit8,iget-object,int-to-char,cmpg-double,aget-short,fill-array-data,const-wide,add-int,neg-int,xor-int,float-to-long,class
0,2,283,170,2020,174,70,7537,24400,850,108,36332,83,319,662,283,333,1393,244,1537,5954,561,588,146,14,3202,25,2665,11,1541,1413,455,16,12124,496,739,5230,30756,14051,110,14581,1882,192,81,6,728,317,40,3535,1189,12542,4,525,583,570,521,25,202,20301,3115,405,920,17,553,28,54,15,113,67,34594,2545,29,44,27,656,4884,1602,937,315,14,5630,1256,23,19,108,56,12796,211,24338,58,102,423,58,488,93,2588,176,4280,85,54,2095,5833,14,13,32,68,114,5555,43,91,872,18,7203,46,333,25637,96,39772,31,100,1416,12,13,9476,145,18,34,136,118,229,541,4,2542,187,62633,45,29,6,4914,21928,1257,945,15,1042,36027,128,1216,192,2845,51,13,755,6,144,2274,5,250,172,29,120,1448,1729,13484,105,100,4,2500,49,8,33,55,4343,4776,255,110,3715,293,20,20,222,5,18,4,85921,571,2326,179,112,2,960,57,44,21616,541,35,78,622,46,579,15,2198,24,419,43237,116,35,11,583,952,277,155,16,13,0
