,rem-float/2addr,long-to-int,rem-int/2addr,array-length,div-int/lit8,sub-float/2addr,move,if-eqz,and-int/lit8,and-int,int-to-long,filled-new-array,invoke-interface/range,mul-int/lit8,int-to-short,sparse-switch,return-wide,xor-int/lit8,const,sput-object,if-le,add-long/2addr,float-to-double,iget-byte,shr-int,iget-boolean,mul-float,iput-byte,if-lt,invoke-direct/range,sub-long/2addr,neg-float,return,rem-int/lit8,sub-long,iput,const-string,iput-object,cmpg-float,fill-array-data,aput,ushr-int/lit8,move-result,div-long/2addr,sput,nop,or-int,new-array,sget-object,if-gt,fill-array-data-payload,const-wide/32,rsub-int,sub-double/2addr,return-object,if-ge,aput-byte,move-wide/from16,if-gez,filled-new-array/range,long-to-double,invoke-super/range,aput-wide,or-int/lit16,const/4,instance-of,shl-long,double-to-long,iput-char,and-int/lit16,aput-object,iput-wide,move-wide,const-wide/high16,div-int,add-int/lit8,invoke-super,sub-double,and-long/2addr,rsub-int/lit8,and-long,const/16,cmpl-float,goto,mul-double,or-long/2addr,cmp-long,and-int/2addr,int-to-double,iput-boolean,add-long,if-eq,not-int,shr-long,add-double/2addr,throw,div-double,ushr-int/2addr,div-double/2addr,goto/16,sget-wide,add-float/2addr,invoke-static/range,xor-long,move-object,sput-wide,sparse-switch-payload,return-void,const-string/jumbo,ushr-long,invoke-static,long-to-float,double-to-float,aget-byte,div-int/lit16,add-float,iget,shl-int/2addr,sub-float,add-int/lit16,sput-boolean,shl-long/2addr,aget-wide,packed-switch-payload,rem-int,move/from16,move-result-object,shr-long/2addr,or-long,not-long,move-result-wide,invoke-interface,aget,add-int/2addr,aget-boolean,iget-short,rem-long/2addr,if-lez,invoke-direct,aget-char,sub-int/2addr,const/high16,iget-wide,mul-long,rem-long,if-ltz,iput-short,or-int/lit8,sget,aput-short,if-gtz,int-to-float,iget-char,div-int/2addr,const-class,aget-object,check-cast,aput-boolean,aput-char,const-wide/16,shr-int/2addr,ushr-int,div-long,cmpl-double,move-object/from16,if-ne,shr-int/lit8,xor-long/2addr,move-exception,sub-int,add-double,mul-int/lit16,sget-boolean,monitor-enter,neg-long,neg-double,invoke-virtual,xor-int/2addr,invoke-virtual/range,div-float/2addr,rem-double/2addr,int-to-byte,double-to-int,new-instance,packed-switch,mul-int,shl-int,or-int/2addr,float-to-int,rem-int/lit16,ushr-long/2addr,monitor-exit,div-float,shl-int/lit8,iget-object,int-to-char,cmpg-double,aget-short,if-nez,const-wide,add-int,neg-int,xor-int,float-to-long,class
0,16,296,20,2002,219,513,3223,24805,654,38,711,91,234,569,44,72,1046,172,2176,3485,601,402,625,41,6,4174,1228,10,2165,1256,290,113,12838,27,139,11352,19134,16823,284,1146,1765,56,35667,125,85,286,28,4382,7589,478,1146,161,9,183,17453,3611,130,572,629,28,61,34,268,31,39911,1535,23,31,33,408,3244,1519,606,275,25,5333,1782,89,125,38,11,9053,703,21599,561,60,1312,388,116,4141,63,4718,43,3,224,4549,35,1,142,2347,30,858,585,1,6013,20,72,29922,2778,38,29835,71,325,456,12,77,17421,46,215,30,171,77,557,266,10,2541,47541,6,20,5,2945,15621,1857,2733,89,3,5,1504,33220,28,1716,2032,2342,157,10,848,4,74,4081,7,347,1569,24,147,1543,2351,10208,76,21,1412,36,5,23,111,3027,5565,169,34,3760,458,50,22,346,1283,14,26,90818,176,1905,676,13,138,88,19176,266,331,36,471,592,6,3,2961,191,264,57132,40,102,10,12120,585,293,209,2,20,1
