,rem-float/2addr,mul-float/2addr,rem-int/2addr,array-length,div-int/lit8,sub-float/2addr,move,if-eqz,and-int/lit8,and-int,int-to-long,filled-new-array,invoke-interface/range,mul-int/lit8,int-to-short,sparse-switch,return-wide,xor-int/lit8,const,sput-object,if-le,add-long/2addr,float-to-double,iget-byte,iget-boolean,mul-float,add-int/2addr,iput-byte,if-lt,invoke-direct/range,sub-long/2addr,neg-float,return,rem-int/lit8,const/high16,iput,const-string,iput-object,cmpg-float,if-nez,aput,ushr-int/lit8,move-result,div-long/2addr,sput,nop,or-int,new-array,sget-object,if-gt,fill-array-data-payload,const-wide/32,mul-long/2addr,rsub-int,sub-double/2addr,return-object,if-ge,add-double/2addr,move-wide/from16,if-gez,filled-new-array/range,long-to-double,invoke-super/range,aput-wide,or-int/lit16,const/4,instance-of,shl-long,double-to-long,iput-char,and-int/lit16,aput-object,iput-wide,move-wide,const-wide/high16,div-int,add-int/lit8,invoke-super,sub-double,and-long/2addr,rsub-int/lit8,and-long,const/16,cmpl-float,goto,mul-double,or-long/2addr,mul-int/2addr,cmp-long,and-int/2addr,int-to-double,iput-boolean,add-long,if-eq,not-int,long-to-int,throw,div-double,div-double/2addr,const-wide/16,sget-wide,sput-boolean,invoke-static/range,move-object,sput-wide,sparse-switch-payload,return-void,const-string/jumbo,ushr-long,invoke-static,long-to-float,double-to-float,aget-byte,div-int/lit16,add-float,iget,shl-int/2addr,sub-float,add-int/lit16,add-float/2addr,shl-long/2addr,aget-wide,packed-switch-payload,rem-int,move/from16,move-result-object,or-long,not-long,move-result-wide,invoke-interface,aget,monitor-enter,aget-boolean,iget-short,if-lez,invoke-direct,aget-char,sub-int/2addr,sub-long,iget-wide,mul-long,rem-long,if-ltz,iput-short,or-int/lit8,sget,aput-short,if-gtz,int-to-float,iget-char,aput-byte,div-int/2addr,const-class,aget-object,check-cast,aput-boolean,aput-char,goto/16,shr-int/2addr,div-long,cmpl-double,move-object/from16,if-ne,shr-int/lit8,xor-long/2addr,move-exception,sub-int,add-double,mul-int/lit16,sget-boolean,shr-int,neg-long,neg-double,invoke-virtual,xor-int/2addr,invoke-virtual/range,div-float/2addr,mul-double/2addr,rem-double/2addr,int-to-byte,double-to-int,new-instance,packed-switch,mul-int,shl-int,or-int/2addr,float-to-int,rem-int/lit16,ushr-long/2addr,monitor-exit,div-float,shl-int/lit8,iget-object,int-to-char,cmpg-double,aget-short,fill-array-data,const-wide,add-int,neg-int,float-to-long,class
0,15,926,19,1458,204,478,6511,21354,542,34,282,120,84,314,11,61,411,112,2162,3623,501,129,535,5,3048,96,2071,3,1984,1073,75,100,10551,31,1532,8721,21430,16160,252,14050,1892,21,30271,24,69,175,19,3816,10155,301,1127,37,19,7,173,16658,2427,192,159,455,28,22,25,203,21,31066,1376,10,9,36,167,3021,476,146,157,15,3557,1651,87,45,5,9,7163,603,21450,120,9,212,345,236,75,3131,9,3847,34,64,3765,29,92,603,20,132,664,7020,11,61,28418,489,12,34525,33,254,77,7,76,13088,15,213,17,756,21,408,202,13,1895,60011,5,4,1436,13691,1616,649,52,3,1274,32089,26,1436,39,579,1,2,728,2,51,5667,4,244,1477,30,26,100,2892,1701,17414,49,18,2404,6,4,97,3537,4191,64,12,2607,370,49,13,285,1,5,26,92387,117,2026,552,388,13,20,71,17766,202,58,18,286,565,8,1,1490,130,143,51889,9,96,3,1127,176,203,188,9,0
