,mul-double,rem-float/2addr,mul-float/2addr,rem-int/2addr,array-length,div-int/lit8,sub-float/2addr,move,if-eqz,and-int/lit8,and-int,int-to-long,filled-new-array,invoke-interface/range,mul-int/lit8,int-to-short,sparse-switch,return-wide,xor-int/lit8,const,sput-object,if-le,add-long/2addr,float-to-double,iget-byte,iget-boolean,mul-float,iput-byte,if-lt,invoke-direct/range,sub-long/2addr,neg-float,return,sub-long,iput,const-string,iput-object,float-to-int,if-nez,aput,ushr-int/lit8,move-result,div-long/2addr,sput,nop,or-int,new-array,sget-object,sput-byte,if-gt,fill-array-data-payload,const-wide/32,mul-long/2addr,rsub-int,sub-double/2addr,return-object,if-ge,aput-byte,move-wide/from16,xor-int,if-gez,div-float/2addr,long-to-double,invoke-super/range,aput-wide,const/4,neg-int,instance-of,shl-long,double-to-long,iput-char,and-int/lit16,aput-object,or-long/2addr,move-wide,const-wide/high16,div-int,add-int/lit8,invoke-super,double-to-int,and-long/2addr,rsub-int/lit8,const/16,cmpl-float,goto,and-long,cmpg-double,mul-int/2addr,cmp-long,and-int/2addr,int-to-double,iput-boolean,add-long,if-eq,shr-long,long-to-int,throw,div-double,ushr-int/2addr,sget-char,div-double/2addr,const-wide/16,div-int/2addr,sput-boolean,invoke-static/range,xor-long,move-object,sput-wide,add-double/2addr,sparse-switch-payload,return-void,ushr-long,invoke-static,long-to-float,double-to-float,aget-byte,div-int/lit16,add-float,iget,shl-int/2addr,sub-float,add-int/lit16,add-float/2addr,shl-long/2addr,aget-wide,packed-switch-payload,rem-int,move/from16,move-result-object,shr-long/2addr,or-long,move-result-wide,invoke-interface,aput-boolean,monitor-enter,aget-boolean,iget-short,rem-long/2addr,if-lez,invoke-direct,aget-char,sub-int/2addr,const/high16,iget-wide,mul-long,rem-long,if-ltz,iput-short,or-int/lit8,sget,aput-short,if-gtz,int-to-float,iget-char,sget-wide,const-class,aget-object,check-cast,aget,aput-char,sget-byte,goto/16,shr-int/2addr,ushr-int,div-long,cmpl-double,move-object/from16,if-ne,shr-int/lit8,xor-long/2addr,add-int/2addr,sub-int,add-double,mul-int/lit16,sget-boolean,neg-long,rem-int/lit8,invoke-virtual,xor-int/2addr,invoke-virtual/range,filled-new-array/range,mul-double/2addr,int-to-byte,xor-int/lit16,sub-double,new-instance,packed-switch,mul-int,shl-int,move-exception,cmpg-float,rem-int/lit16,ushr-long/2addr,monitor-exit,div-float,shl-int/lit8,iget-object,int-to-char,or-int/lit16,aget-short,fill-array-data,const-wide,add-int,iput-wide,or-int/2addr,float-to-long,class
0,6,3,185,36,1030,52,50,873,13831,270,48,431,913,205,872,40,59,303,214,1973,2796,333,322,69,109,3546,27,63,565,630,259,4,3607,105,2390,20010,7836,46,5881,146,58,15255,52,95,107,13,1014,6541,3,271,69,146,44,7,17,7851,1428,120,171,1,259,91,37,2,84,15609,25,898,7,2,23,134,414,78,180,79,3,2615,382,8,128,12,6377,60,8839,40,20,29,1203,144,20,2814,41,2347,19,217,4442,15,7,1,51,1332,9,267,496,1,2133,65,42,59,10925,37,24981,5,44,201,3,17,4225,38,21,8,106,55,139,170,10,1206,25863,27,11,1996,8553,10,1510,7,35,7,691,13383,49,469,310,2067,4,4,428,29,72,373,4,142,110,57,74,874,1031,4352,219,36,1,4500,5,2,5,37,3180,2388,59,32,1186,110,1,30,358,6,13,32101,36,524,112,62,150,1,6,8419,170,4,15,4055,32,1,6,3088,10,198,18148,57,28,6,69,336,115,1211,199,1,1
