,android.permission.INTERNET,android.permission.USE_BIOMETRIC,android.permission.USE_FINGERPRINT,android.permission.CAMERA,android.permission.READ_EXTERNAL_STORAGE,android.permission.WRITE_EXTERNAL_STORAGE,android.permission.ACCESS_NETWORK_STATE,android.permission.WAKE_LOCK,com.google.android.c2dm.permission.RECEIVE,class
0,1,1,1,1,1,1,1,1,1,0
