,rem-float/2addr,rem-double,long-to-int,rem-int/2addr,array-length,div-int/lit8,sub-float/2addr,move,if-eqz,and-int/lit8,and-int,aget-boolean,filled-new-array,invoke-interface/range,mul-int/lit8,int-to-short,sparse-switch,return-wide,xor-int/lit8,const,sput-object,if-le,add-long/2addr,float-to-double,iget-byte,iget-boolean,mul-float,iput-byte,if-lt,invoke-direct/range,sub-long/2addr,neg-float,return,rem-int/lit8,sub-long,iput,const-string,iput-object,cmpg-float,if-nez,aput,ushr-int/lit8,move-result,div-long/2addr,sput,nop,or-int,new-array,int-to-long,sget-object,sput-byte,if-gt,fill-array-data-payload,double-to-long,rsub-int,sub-double/2addr,return-object,if-ge,aput-byte,move-wide/from16,xor-int,if-gez,div-float/2addr,long-to-double,invoke-super/range,aput-wide,const/4,instance-of,shl-long,const-wide/32,iput-char,and-int/lit16,aput-object,iput-wide,move-wide,const-wide/high16,div-int,add-int/lit8,invoke-super,sub-double,and-long/2addr,rsub-int/lit8,and-long,const/16,cmpl-float,goto,mul-double,or-long/2addr,cmp-long,and-int/2addr,int-to-double,iput-boolean,add-long,if-eq,not-int,shr-long,add-double/2addr,throw,div-double,ushr-int/2addr,div-double/2addr,const-wide/16,rem-float,sget-wide,sput-boolean,invoke-static/range,xor-long,move-object,sput-wide,sparse-switch-payload,return-void,ushr-long,invoke-static,long-to-float,double-to-float,aget-byte,div-int/lit16,add-float,iget,shl-int/2addr,sub-float,add-int/lit16,add-float/2addr,shl-long/2addr,aget-wide,cmpg-double,packed-switch-payload,rem-int,move/from16,move-result-object,shr-long/2addr,or-long,not-long,move-result-wide,invoke-interface,aget,add-int/2addr,iget-short,rem-long/2addr,if-lez,invoke-direct,aget-char,sub-int/2addr,const/high16,iget-wide,mul-long,rem-long,if-ltz,iput-short,or-int/lit8,sget,aput-short,if-gtz,int-to-float,iget-char,div-int/2addr,const-class,aget-object,check-cast,aput-boolean,aput-char,sget-byte,goto/16,shr-int/2addr,ushr-int,div-long,cmpl-double,move-object/from16,if-ne,shr-int/lit8,xor-long/2addr,monitor-enter,sub-int,add-double,mul-int/lit16,sget-boolean,shr-int,neg-long,neg-double,invoke-virtual,xor-int/2addr,invoke-virtual/range,filled-new-array/range,int-to-byte,xor-int/lit16,double-to-int,new-instance,packed-switch,mul-int,shl-int,move-exception,float-to-int,rem-int/lit16,ushr-long/2addr,monitor-exit,div-float,shl-int/lit8,iget-object,int-to-char,or-int/lit16,aget-short,fill-array-data,const-wide,add-int,neg-int,or-int/2addr,float-to-long,class
0,13,1,421,29,1619,290,548,3075,25967,581,2571,73,111,417,586,53,56,813,146,1694,4448,579,696,509,27,4689,1414,27,1195,1837,395,190,13313,24,171,11170,21516,21748,333,11717,1986,246,38883,98,234,255,940,4094,1151,9035,1,505,652,21,10,57,19054,3633,513,601,3144,690,663,45,40,222,43191,1805,26,271,36,565,3837,1783,654,232,15,5702,2085,36,198,62,57,9237,826,21647,290,134,1518,2306,73,4514,172,5761,1644,54,92,5499,25,7,120,1625,6,28,104,2387,6,7943,23,56,32145,68,38868,30,423,882,13,208,16486,167,235,71,963,159,598,53,258,7,5340,56772,32,25,9,3512,18778,1723,3053,4,16,1410,34658,33,1610,2003,2394,340,9,901,7,191,2929,10,394,1377,28,99,1225,1637,13266,52,34,1,2991,110,8,23,82,6870,5441,185,92,1729,461,26,43,221,9,12,22,89353,2481,2110,33,484,8,82,21167,258,369,73,4086,536,2,14,4195,125,486,56929,56,68,17,652,587,333,228,1041,16,1
