,rem-float/2addr,long-to-int,rem-int/2addr,array-length,div-int/lit8,sub-float/2addr,move,if-eqz,and-int/lit8,and-int,int-to-long,filled-new-array,invoke-interface/range,mul-int/lit8,int-to-short,sparse-switch,return-wide,xor-int/lit8,const,sput-object,if-le,add-long/2addr,float-to-double,iget-byte,iget-boolean,mul-float,iput-byte,if-lt,invoke-direct/range,sub-long/2addr,neg-float,return,rem-int/lit8,const/high16,iput,const-string,iput-object,float-to-int,fill-array-data,aput,ushr-int/lit8,aget-boolean,div-long/2addr,sput,nop,or-int,new-array,sget-object,sput-byte,if-gt,fill-array-data-payload,const-wide/32,rsub-int,and-long/2addr,return-object,if-ge,aput-byte,move-wide/from16,xor-int,if-gez,filled-new-array/range,long-to-double,invoke-super/range,aput-wide,or-int/lit16,const/4,instance-of,shl-long,double-to-long,iput-char,and-int/lit16,aput-object,iput-wide,move-wide,int-to-float,div-int,add-int/lit8,invoke-super,sub-double,sub-double/2addr,rsub-int/lit8,and-long,const/16,cmpl-float,goto,mul-double,or-long/2addr,add-double/2addr,and-int/2addr,int-to-double,iput-boolean,add-long,if-eq,not-int,shr-long,cmp-long,throw,div-double,ushr-int/2addr,div-double/2addr,goto/16,rem-float,sget-wide,sput-boolean,invoke-static/range,xor-long,move-object,sput-wide,sparse-switch-payload,return-void,ushr-long,packed-switch,invoke-static,long-to-float,double-to-float,aget-byte,div-int/lit16,add-float,iget,shl-int/2addr,sub-float,add-int/lit16,add-float/2addr,shl-long/2addr,aget-wide,packed-switch-payload,rem-int,move/from16,move-result-object,shr-long/2addr,or-long,not-long,move-result-wide,invoke-interface,aget,add-int/2addr,iget-short,rem-long/2addr,if-lez,invoke-direct,aget-char,sub-int/2addr,sub-long,iget-wide,mul-long,rem-long,if-ltz,iput-short,or-int/lit8,sget,aput-short,if-gtz,const-wide/high16,iget-char,div-int/2addr,const-class,aget-object,check-cast,aput-boolean,aput-char,sget-byte,const-wide/16,shr-int/2addr,div-long,cmpl-double,move-object/from16,if-ne,shr-int/lit8,xor-long/2addr,monitor-enter,sub-int,add-double,mul-int/lit16,sget-boolean,neg-long,neg-double,invoke-virtual,xor-int/2addr,invoke-virtual/range,div-float/2addr,rem-double/2addr,int-to-byte,double-to-int,new-instance,move-result,mul-int,shl-int,move-exception,cmpg-float,rem-int/lit16,ushr-long/2addr,monitor-exit,div-float,shl-int/lit8,iget-object,int-to-char,cmpg-double,aget-short,if-nez,const-wide,add-int,neg-int,or-int/2addr,float-to-long,class
0,13,208,21,1212,224,359,2618,22941,561,92,533,110,184,316,50,60,827,151,1060,4521,505,174,326,4,3590,738,1,1961,990,141,124,12663,20,1305,5933,20362,13419,473,967,1422,93,29,41,114,240,31,3622,7996,2,451,967,142,6,145,18009,2846,84,295,24,442,25,36,37,180,32,35668,2003,10,19,37,350,3649,795,258,1381,22,4191,1978,94,66,14,14,6629,547,18049,535,44,118,513,153,3494,54,3854,45,9,665,5079,36,10,98,1653,1,40,180,615,17,5397,26,60,28265,35,207,33738,23,164,202,10,50,11083,54,123,10,577,47,248,207,4,1628,49794,20,7,8,3031,16608,1327,2015,10,12,1128,31744,34,1537,52,1115,52,2,786,9,101,3801,2,252,154,28,51,1388,1064,10497,21,48,2,1219,7,14,73,2539,3581,115,48,1282,389,116,6,362,16,21,80961,245,1463,360,7,143,183,17204,34574,237,58,3455,168,5,8,2922,66,279,44441,45,50,2,10719,198,296,229,457,1,0
