,rem-float/2addr,long-to-int,rem-int/2addr,array-length,div-int/lit8,sub-float/2addr,move,if-eqz,and-int/lit8,and-int,int-to-long,filled-new-array,invoke-interface/range,mul-int/lit8,int-to-short,sparse-switch,return-wide,xor-int/lit8,const,sput-object,if-le,add-long/2addr,float-to-double,iget-byte,iget-boolean,mul-float,add-int/2addr,iput-byte,if-lt,invoke-direct/range,sub-long/2addr,neg-float,return,rem-int/lit8,const/high16,iput,const-string,iput-object,cmpg-float,if-nez,aput,ushr-int/lit8,move-result,div-long/2addr,sput,nop,or-int,new-array,sget-object,if-gt,fill-array-data-payload,const-wide/32,rsub-int,sub-double/2addr,return-object,if-ge,aput-byte,move-wide/from16,sput-char,if-gez,filled-new-array/range,long-to-double,invoke-super/range,aput-wide,or-int/lit16,const/4,instance-of,shl-long,double-to-long,iput-char,and-int/lit16,aput-object,iput-wide,move-wide,const-wide/high16,div-int,add-int/lit8,invoke-super,sub-double,and-long/2addr,rsub-int/lit8,and-long,const/16,cmpl-float,goto,mul-double,or-long/2addr,cmp-long,and-int/2addr,int-to-double,iput-boolean,add-long,if-eq,shr-long,add-double/2addr,throw,div-double,ushr-int/2addr,sget-char,div-double/2addr,const-wide/16,sget-wide,sput-boolean,invoke-static/range,move-object,sput-wide,sparse-switch-payload,return-void,ushr-long,invoke-static,long-to-float,double-to-float,aget-byte,div-int/lit16,add-float,iget,shl-int/2addr,sub-float,add-int/lit16,add-float/2addr,shl-long/2addr,aget-wide,packed-switch-payload,rem-int,move/from16,move-result-object,shr-long/2addr,or-long,move-result-wide,invoke-interface,aget,monitor-enter,aget-boolean,iget-short,if-lez,invoke-direct,aget-char,sub-int/2addr,sub-long,iget-wide,mul-long,rem-long,if-ltz,iput-short,or-int/lit8,sget,if-gtz,int-to-float,iget-char,div-int/2addr,const-class,aget-object,check-cast,aput-boolean,aput-char,goto/16,shr-int/2addr,ushr-int,div-long,cmpl-double,move-object/from16,if-ne,shr-int/lit8,xor-long/2addr,move-exception,sub-int,add-double,mul-int/lit16,sget-boolean,shr-int,neg-long,neg-double,invoke-virtual,xor-int/2addr,invoke-virtual/range,div-float/2addr,int-to-byte,xor-int/lit16,double-to-int,new-instance,packed-switch,mul-int,shl-int,or-int/2addr,float-to-int,rem-int/lit16,ushr-long/2addr,monitor-exit,div-float,shl-int/lit8,iget-object,int-to-char,cmpg-double,fill-array-data,const-wide,add-int,neg-int,float-to-long,class
0,9,116,31,1099,249,223,1496,12362,356,23,387,89,61,259,19,10,302,105,574,1718,456,182,81,6,1875,445,1547,3,1735,481,128,31,6245,88,686,2776,11698,6592,126,5267,1047,29,16786,11,31,148,9,2616,3381,422,766,60,26,30,8570,2181,102,80,1,302,21,6,24,36,14,19095,619,7,9,35,197,3103,270,136,55,24,3313,901,20,71,48,4,6674,272,11060,137,28,542,225,49,1644,19,1986,8,50,3054,11,1,2,45,673,14,79,343,2546,7,10,11565,9,11378,24,38,210,12,33,5598,53,83,34,315,35,43,112,12,754,23707,2,7,835,6476,1203,479,10,12,738,16710,82,1120,30,470,18,4,541,6,74,2506,167,734,28,71,558,1194,3746,22,38,636,6,7,4,32,1054,2171,88,2,1672,344,20,23,157,10,3,4,45348,86,682,266,89,3,29,10438,112,173,61,218,301,19,5,1102,31,133,22880,118,18,766,122,232,75,3,1
