,rem-float/2addr,rem-int/2addr,array-length,div-int/lit8,sub-float/2addr,move,if-eqz,and-int/lit8,and-int,int-to-long,filled-new-array,invoke-interface/range,mul-int/lit8,int-to-short,sparse-switch,return-wide,xor-int/lit8,const,sput-object,if-le,add-long/2addr,float-to-double,iget-byte,shr-int,iget-boolean,mul-float,iput-byte,if-lt,invoke-direct/range,sub-long/2addr,neg-float,return,rem-int/lit8,sub-long,iput,const-string,iput-object,cmpg-float,if-nez,aput,ushr-int/lit8,move-result,div-long/2addr,sput,nop,or-int,new-array,sget-object,if-gt,fill-array-data-payload,const-wide/32,rsub-int,and-long/2addr,return-object,if-ge,add-double/2addr,move-wide/from16,xor-int,if-gez,filled-new-array/range,long-to-double,invoke-super/range,aput-wide,const/4,instance-of,shl-long,double-to-long,iput-char,and-int/lit16,aput-object,neg-int,move-wide,const-wide/high16,div-int,add-int/lit8,invoke-super,sub-double,sub-double/2addr,rsub-int/lit8,and-long,const/16,cmpl-float,goto,mul-double,or-long/2addr,cmp-long,and-int/2addr,int-to-double,iput-boolean,add-long,if-eq,shr-long,long-to-int,throw,div-double,ushr-int/2addr,div-double/2addr,goto/16,sget-wide,add-float/2addr,invoke-static/range,xor-long,move-object,sput-wide,sparse-switch-payload,return-void,ushr-long,invoke-static,long-to-float,double-to-float,aget-byte,div-int/lit16,add-float,iget,shl-int/2addr,sub-float,add-int/lit16,sput-boolean,shl-long/2addr,aget-wide,packed-switch-payload,rem-int,move/from16,move-result-object,shr-long/2addr,or-long,move-result-wide,invoke-interface,aput-boolean,add-int/2addr,aget-boolean,iget-short,rem-long/2addr,if-lez,invoke-direct,aget-char,sub-int/2addr,const/high16,iget-wide,mul-long,rem-long,if-ltz,iput-short,or-int/lit8,sget,aput-short,if-gtz,int-to-float,iget-char,aput-byte,div-int/2addr,const-class,aget-object,check-cast,aget,aput-char,const-wide/16,shr-int/2addr,ushr-int,div-long,cmpl-double,move-object/from16,if-ne,cmpg-double,xor-long/2addr,sub-int,add-double,mul-int/lit16,sget-boolean,monitor-enter,neg-long,neg-double,invoke-virtual,xor-int/2addr,invoke-virtual/range,div-float/2addr,int-to-byte,shr-int/lit8,xor-int/lit16,double-to-int,new-instance,packed-switch,mul-int,shl-int,move-exception,float-to-int,rem-int/lit16,ushr-long/2addr,monitor-exit,div-float,shl-int/lit8,iget-object,int-to-char,or-int/lit16,aget-short,fill-array-data,const-wide,add-int,iput-wide,or-int/2addr,float-to-long,class
0,5,17,1313,148,114,2165,23959,537,3066,1067,75,399,540,55,53,567,1745,1709,3363,506,745,203,20,10,4396,536,23,1186,1157,406,51,7768,19,168,9442,20071,18660,128,10232,1086,219,26558,111,195,219,982,3478,11773,438,493,288,9,221,10665,2863,36,556,3600,520,10,50,29,216,35617,1715,30,24,23,545,3488,193,564,168,18,4379,1101,22,22,51,58,8534,386,21285,131,144,1555,1663,40,3938,157,4851,47,425,6345,14,3,57,3068,28,309,650,6,6813,23,53,21282,49,25741,37,127,888,12,46,14147,144,37,71,90,164,593,205,6,3780,39020,38,13,2487,15505,64,2666,75,2,9,1157,26346,18,1281,1145,2400,348,16,680,2,174,2462,12,320,758,25,470,112,1387,1536,12807,1111,21,1550,108,8,24,39,5725,4858,22,79,389,21,43,168,1748,11,4,67916,1965,1606,303,446,179,8,46,19751,205,288,58,4020,323,2,8,4250,42,417,58139,106,62,18,493,499,306,1763,924,14,1
