,rem-float/2addr,rem-int/2addr,array-length,div-int/lit8,sub-float/2addr,move,if-eqz,and-int/lit8,and-int,int-to-long,filled-new-array,invoke-interface/range,mul-int/lit8,sput,sparse-switch,return-wide,xor-int/lit8,const,sput-object,if-le,add-long/2addr,float-to-double,iget-byte,shr-int,iget-boolean,mul-float,iput-byte,if-lt,invoke-direct/range,sub-long/2addr,neg-float,return,neg-double,sub-long,iput,const-string,iput-object,float-to-int,if-nez,aput,ushr-int/lit8,move-result,div-long/2addr,int-to-short,nop,or-int,new-array,sget-object,if-gt,fill-array-data-payload,sget-boolean,const-wide/32,rsub-int,sub-double/2addr,return-object,if-ge,add-double/2addr,move-wide/from16,xor-int,if-gez,div-float/2addr,long-to-double,invoke-super/range,aput-wide,const/4,instance-of,shl-long,double-to-long,iput-char,and-int/lit16,aput-object,iput-wide,move-wide,const-wide/high16,div-int,add-int/lit8,invoke-super,sub-double,and-long/2addr,rsub-int/lit8,and-long,const/16,cmpl-float,goto,mul-double,or-long/2addr,cmp-long,and-int/2addr,iput-boolean,add-long,if-eq,not-int,shr-long,long-to-int,throw,div-double,ushr-int/2addr,div-double/2addr,const-wide/16,sget-wide,add-float/2addr,invoke-static/range,xor-long,move-object,sput-wide,sparse-switch-payload,return-void,ushr-long,invoke-static,long-to-float,double-to-float,aget-byte,div-int/lit16,add-float,iget,shl-int/2addr,sub-float,add-int/lit16,sput-boolean,shl-long/2addr,aget-wide,packed-switch-payload,rem-int,move/from16,move-result-object,shr-long/2addr,or-long,not-long,move-result-wide,invoke-interface,aput-boolean,add-int/2addr,aget-boolean,rem-long/2addr,if-lez,invoke-direct,aget-char,sub-int/2addr,const/high16,iget-wide,mul-long,rem-long,if-ltz,or-int/lit8,sget,aput-short,if-gtz,int-to-float,iget-char,aput-byte,div-int/2addr,const-class,aget-object,check-cast,aget,aput-char,goto/16,shr-int/2addr,div-long,cmpl-double,move-object/from16,if-ne,or-int/lit16,xor-long/2addr,sub-int,add-double,mul-int/lit16,int-to-double,monitor-enter,neg-long,rem-int/lit8,invoke-virtual,xor-int/2addr,invoke-virtual/range,filled-new-array/range,rem-double/2addr,int-to-byte,shr-int/lit8,xor-int/lit16,double-to-int,new-instance,packed-switch,mul-int,shl-int,move-exception,cmpg-float,rem-int/lit16,ushr-long/2addr,monitor-exit,div-float,shl-int/lit8,iget-object,int-to-char,cmpg-double,aget-short,fill-array-data,const-wide,add-int,neg-int,or-int/2addr,float-to-long,class
0,11,19,1775,131,343,2737,31315,1991,226,378,169,98,1482,119,46,776,173,3017,4953,665,186,361,36,1,2955,744,3,1311,1197,145,78,14228,19,57,7656,35262,19485,370,15472,1483,44,34110,36,13,209,23,3723,13501,411,786,232,79,6,115,27016,2480,141,285,4,625,475,41,23,124,43303,2414,10,5,54,595,4428,617,304,175,19,4663,1540,68,57,22,12,8282,470,23479,377,20,639,383,2696,18,4154,48,1,164,5532,23,2,103,912,52,542,862,11,10861,29,46,28112,25,45531,25,187,395,22,83,11451,53,203,8,116,24,236,178,11,1946,73036,19,8,6,2343,20426,24,3368,30,10,1296,33087,204,1481,1459,1139,46,1,686,48,2024,3,280,1013,106,316,52,2117,1251,14429,1341,284,2160,47,17,83,4740,5744,100,24,368,38,30,73,670,12,14,109670,1049,1968,43,8,241,339,1,61,22726,178,197,28,3866,261,5,2,1583,91,321,48809,171,81,2,786,237,205,166,618,7,0
