,rem-float/2addr,rem-int/2addr,array-length,div-int/lit8,sub-float/2addr,move,if-eqz,and-int/lit8,and-int,int-to-long,filled-new-array,invoke-interface/range,mul-int/lit8,int-to-short,sparse-switch,return-wide,xor-int/lit8,const,sput-object,if-le,add-long/2addr,float-to-double,iget-byte,shr-int,iget-boolean,mul-float,iput-byte,if-lt,invoke-direct/range,sub-long/2addr,neg-float,return,neg-double,const/high16,iput,const-string,iput-object,cmpg-float,if-nez,aput,ushr-int/lit8,move-result,iget-wide,sput,nop,or-int,new-array,sget-object,if-gt,fill-array-data-payload,const-wide/32,rsub-int,sub-double/2addr,return-object,if-ge,aput-byte,move-wide/from16,xor-int,if-gez,filled-new-array/range,long-to-double,invoke-super/range,aput-wide,or-int/lit16,const/4,instance-of,shl-long,double-to-long,iput-char,and-int/lit16,aput-object,iput-wide,move-wide,const-wide/high16,div-int,add-int/lit8,invoke-super,sub-double,and-long/2addr,rsub-int/lit8,and-long,const/16,cmpl-float,goto,mul-double,or-long/2addr,cmp-long,and-int/2addr,int-to-double,iput-boolean,add-long,if-eq,not-int,shl-int/2addr,long-to-int,throw,div-double,ushr-int/2addr,div-double/2addr,const-wide/16,sget-wide,add-float/2addr,invoke-static/range,xor-long,move-object,sput-wide,add-double/2addr,sparse-switch-payload,return-void,ushr-long,invoke-static,long-to-float,double-to-float,aget-byte,div-int/lit16,add-float,iget,shr-long,sub-float,add-int/lit16,sput-boolean,shl-long/2addr,aget-wide,packed-switch-payload,rem-int,move/from16,move-result-object,shr-long/2addr,or-long,not-long,move-result-wide,invoke-interface,aput-boolean,add-int/2addr,aget-boolean,iget-short,rem-long/2addr,if-lez,invoke-direct,aget-char,sub-int/2addr,sub-long,div-long/2addr,mul-long,rem-long,if-ltz,iput-short,or-int/lit8,sget,aput-short,if-gtz,int-to-float,iget-char,div-int/2addr,const-class,aget-object,check-cast,aget,aput-char,goto/16,shr-int/2addr,ushr-int,div-long,cmpl-double,move-object/from16,if-ne,shr-int/lit8,xor-long/2addr,sub-int,add-double,mul-int/lit16,sget-boolean,monitor-enter,neg-long,rem-int/lit8,invoke-virtual,xor-int/2addr,invoke-virtual/range,div-float/2addr,rem-double/2addr,int-to-byte,xor-int/lit16,double-to-int,new-instance,packed-switch,mul-int,shl-int,move-exception,float-to-int,rem-int/lit16,ushr-long/2addr,monitor-exit,div-float,shl-int/lit8,iget-object,int-to-char,cmpg-double,aget-short,fill-array-data,const-wide,add-int,neg-int,or-int/2addr,float-to-long,class
0,13,51,2146,246,272,4007,32971,920,2921,1917,175,584,982,51,73,914,165,3076,6543,754,705,253,30,12,4869,628,34,1782,2330,410,79,13086,16,1481,11671,34187,24537,247,15093,1976,386,44925,2655,71,690,1005,5365,15433,816,485,357,15,28,20680,4464,694,815,3235,796,23,53,41,312,113,55155,3000,121,21,30,864,6663,1855,729,193,44,7577,1771,29,222,70,206,14759,505,30061,217,192,1805,2703,117,4305,432,7212,1650,332,572,8931,15,26,81,2064,39,444,2538,37,11915,37,56,73,33545,92,56119,31,136,1395,17,73,18497,118,172,73,156,185,478,980,13,6980,72115,68,38,14,4705,21890,100,3987,100,11,22,1639,44084,29,1792,158,119,549,10,1155,4,309,1273,19,420,1069,37,128,2318,1842,23669,1756,67,5494,108,6,33,63,10304,6526,237,172,520,29,56,257,2169,17,46,107592,2654,2842,461,6,717,17,95,30559,980,480,155,6170,364,10,32,5231,61,1225,65284,275,41,39,485,499,547,216,1413,13,1
